31 0.4027619193348666 0.5961335025454841 0.14101752996940456 0.09702720889119175
51 0.7736045960329132 0.5437897065240437 0.17268712287633292 0.12233901035354112
8 0.5869498651389472 0.5718134637626057 0.15042311813132486 0.08539977502161883
48 0.7600869973830954 0.7677391957313937 0.22674659840034758 0.1918015856093514
2 0.5662058316744218 0.8657193644937805 0.2763881818172601 0.14578159625563158
53 0.6083801436077269 0.16978346072081132 0.1578864123370204 0.10011669961943917
11 0.32529883117041136 0.21735018695595132 0.10466612262686244 0.07873104744055205
39 0.4517105507007985 0.20018862187871203 0.16729200049894083 0.08848926574986613
1 0.7381878359154191 0.16449420257543113 0.22726227647301628 0.0837264579111889
23 0.7885609771506421 0.37503072963024064 0.08382873376541074 0.12352258133939892
47 0.6085513342938614 0.4352125622709824 0.17159618131831914 0.059839010353541125