53 0.5796391852873077 0.6000577322391129 0.19067303038365993 0.14327217795704017
9 0.7889765856052376 0.5773826672628835 0.248407293579412 0.15384391069569284
3 0.38460598796602896 0.6440055380923133 0.1542796940484125 0.08347974884153604
48 0.8740116416036086 0.8408364202170168 0.20587927670436557 0.2787276111417032
31 0.7283202236913424 0.8768370843229445 0.17148421665633534 0.1493636516595405
8 0.5328287212527731 0.1729087201402315 0.09894927700650659 0.07304802419776284
27 0.7709912976651346 0.15551952153332854 0.14460836876176858 0.07330433184663221
23 0.7456662006877119 0.375273286738377 0.08236010178243501 0.11293335214898903
5 0.37616535744708723 0.44152242878971726 0.20265030564944636 0.13676067996990054
19 0.7984179569780868 0.40119000328727034 0.18815730288729562 0.12390140063139107
6 0.61424402285256 0.4385563071058912 0.21693353089437528 0.11356226700071768
51 0.3856269052165091 0.468524768861544 0.28197722872636943 0.14138094710093277