8 0.5560096969036549 0.583975528225766 0.15138889794655996 0.07338054425238806
16 0.7697421442023824 0.5692484318237647 0.13439408655477272 0.06788720737029462
28 0.40249931968722935 0.5998596632356753 0.10680709507010018 0.10276950897901352
48 0.4805900066861343 0.8024990072545453 0.23871339131359465 0.16815492097054757
47 0.8006945610619594 0.8351938118764577 0.13713370933834723 0.07760054121059366
2 0.6324825695772868 0.8781569245406187 0.2348824944834029 0.1271915871302488
39 0.4179259479100806 0.9037503032473848 0.14269689906292818 0.09943105504503791
5 0.3855731342976323 0.18409222784520513 0.19583334691983995 0.10879747645469433
53 0.628445539993526 0.176603202282692 0.1806547725798741 0.08657516572059223
3 0.8076999667699286 0.1741136773342579 0.1678800443937547 0.06445080421140464
6 0.4214782054963026 0.21272004100702255 0.2513431065189134 0.048648257852641145
27 0.8030830890605636 0.4210466288405182 0.18985043640809843 0.07494773185101931
22 0.4491033904702805 0.45232106259232235 0.2040216808588791 0.06832388873896743