11 0.5516954826465962 0.5895110087686739 0.10255599150786611 0.09663732386992244
39 0.3765984303242398 0.6455195760716078 0.18487419080833498 0.13457449813824787
8 0.7531509240798744 0.5369243511481596 0.12887242132809498 0.09081156803365663
16 0.43528621816336954 0.9294407151317027 0.14097557067871166 0.09624916153465463
9 0.8310694811497735 0.8198376482989651 0.1897658016974128 0.1396341509232625
6 0.6087197952111817 0.8999374456404069 0.15362419080833498 0.13293675503565303
5 0.4739116165097671 0.16129099954883733 0.22843713661241558 0.15366906551107182
19 0.2722253989776782 0.22709881101550541 0.2594773401589513 0.1432875778444361
51 0.6935217819689702 0.1005479516768259 0.2620490234755687 0.15302894269848186
53 0.35083628434400893 0.47034864662784936 0.17496509115810055 0.11724365410668014
0 0.5533887506274783 0.4237086142726199 0.20638292832087182 0.12849678182465987