0 0.391394539831091 0.6016024706517368 0.19373430819124854 0.08508751248619567
50 0.5775877185274358 0.5988447002958157 0.14565738511432558 0.08424832667233909
9 0.7749548588869775 0.6167084390557047 0.2129650774220179 0.08542318681173838
5 0.7687320935255346 0.8797407760937409 0.17277104145771843 0.12317141733149867
19 0.4076665553134667 0.9142912874598544 0.1944476161330267 0.12595289710158042
16 0.3255350668068503 0.20153600649130082 0.12832695054908838 0.05510845779133543
53 0.4817431075161575 0.2018595142324887 0.22701052072885922 0.06404032717127993
48 0.3735727603618948 0.4066391764460413 0.2023724625363432 0.16694415958904343
23 0.5262589504218185 0.4117074375588822 0.07400355269656209 0.10943185564386185
33 0.7583559821400508 0.42296804757227885 0.19672558441479446 0.11878331793073471
51 0.5880605388332093 0.4416235533177032 0.2539563399094809 0.09334803321505501