51 0.5433340108909525 0.5621080937851445 0.30046032599220085 0.0965071466013721
50 0.3664674590349104 0.5916134296980289 0.18469776989160197 0.08728156218657765
33 0.36810865254352204 0.8581676173854483 0.2049363810316605 0.10684800574288945
9 0.7367262072525652 0.8817539635418294 0.22264516577921173 0.12396864385466234
19 0.6181494094218932 0.18854687625305552 0.17027469296852507 0.08702980644242071
11 0.36954030285680806 0.18928389360899428 0.09246975437482013 0.06886018606332706
0 0.802804632432733 0.19372947240816912 0.11929000278311118 0.07653327672248664
28 0.4065258541219073 0.3771676105174072 0.10231665622895857 0.16509795079855885
8 0.7474412987520312 0.42525397040987084 0.07754275649709869 0.05899304570378551
16 0.3647258393358481 0.44154088224541554 0.11878608182846666 0.06691789210710201
22 0.5433714469620725 0.4468283766272612 0.19773506418940626 0.061091010238427015