5 0.612090475943248 0.5481982010687971 0.16761888633735658 0.08027791448832935
50 0.3917708337696256 0.5998171587661734 0.17318246007701588 0.09472896174703585
31 0.6329743207055386 0.5855906755476531 0.2227711460178729 0.12385481894948541
3 0.43030558396977886 0.6445260604651788 0.16040734787581812 0.08023595898488486
28 0.7833236927270325 0.7908546048681675 0.12217732665303362 0.1761380721180646
28 0.6972942629528577 0.8035792852568959 0.13217065198440173 0.18340555125086247
47 0.5885644965750898 0.8594543224884297 0.13105727307501974 0.07045275235572254
9 0.8081435897456715 0.8907890348504678 0.23883196604354467 0.1551887299563744
39 0.5733173076923077 0.9266826923076923 0.19951923076923078 0.14182692307692307
1 0.39663461538461536 0.9543269230769231 0.21153846153846154 0.08653846153846154
48 0.319946506106309 0.20384603749761146 0.2751416188285595 0.16020619978128858
33 0.7527545724179936 0.15827245945953694 0.15242970636302863 0.11143001831362565
6 0.42116511585481187 0.2224692532835864 0.2355564798383547 0.09268872995637427
53 0.6077730325648996 0.19469995735917192 0.17293049959969353 0.08992126943934348
0 0.37035751400448 0.4578224136754728 0.16774486657601775 0.08268176064217538
8 0.3995237292569289 0.4748241513500808 0.1507919632604335 0.08018001831362571