47 0.5961538461538461 0.667994570337339 0.13942307692307693 0.0761415651471319
28 0.5913461538461539 0.8806790123879684 0.13942307692307693 0.17710310360867035
23 0.2512019230769231 0.8442691528546138 0.07932692307692307 0.12111536001076874
2 0.5240384615384616 0.9447115384615384 0.30288461538461536 0.10576923076923077
39 0.27524038461538464 0.9166642502937745 0.20432692307692307 0.13458909746363518
5 0.5697115384615384 0.20855227084656985 0.22115384615384615 0.12757335797873992
0 0.7019230769230769 0.24735030676195363 0.31490384615384615 0.14068346876069732
53 0.8762019230769231 0.29384937858048404 0.1201923076923077 0.08072548719580351
50 0.40625 0.43982330056796953 0.17548076923076922 0.12223421130587298
27 0.7283653846153846 0.522898375483492 0.22355769230769232 0.0963513292611174
6 0.5637019230769231 0.48853041956370274 0.22115384615384615 0.11795797336335531