1 0.4661850237301089 0.5517882142889733 0.19722909590310833 0.14762947177688857
9 0.8100548183100099 0.47008786151909115 0.24559973401488122 0.16529558066766833
53 0.611911431072651 0.5324227541251341 0.18744587412495242 0.13784624999873266
11 0.3726509034757504 0.609894031596032 0.11474305943986816 0.10293362512410144
39 0.5283527029279294 0.8450845079957279 0.26664691932979695 0.13201936813005752
33 0.8809086944357956 0.7476122977084209 0.18103156218657765 0.18339344904973104
50 0.49352399663468405 0.9129796303731198 0.22860497377518685 0.15538648101743363
8 0.4810751123884354 0.11175849026304871 0.10238815434509482 0.08349305943986812
27 0.7585244430573711 0.049240864141065495 0.152826964285171 0.0819703583905714
47 0.2959221028984197 0.1870837606164349 0.15999654345601672 0.07969239010880372
23 0.7570680344674768 0.2703527510042188 0.09555424949979195 0.10500179695240501
48 0.4135399975052957 0.40131097028260077 0.296206381117729 0.173388264233756
19 0.7962909234536635 0.2949008073231717 0.24062420454441735 0.15559627747089794
51 0.6232410633142643 0.3652085889154014 0.1314441046447127 0.09601580169741279