6 0.6184211836532139 0.4246842859480886 0.12329543590559393 0.0686689120411516
5 0.7325347898202762 0.5141396701756247 0.20105765129999917 0.1461632821906524
1 0.5708625713655906 0.5759667370174202 0.23722722873720195 0.15830006627515386
11 0.37068685752580005 0.6368775273955046 0.09713284103706243 0.09085834730226047
33 0.8463983385765682 0.7888593015472557 0.17243526771286627 0.16337693184612798
51 0.6643493703789454 0.8569228537292433 0.17500694156097787 0.1779681020671459
39 0.4543764585883159 0.9028810172990921 0.20580940104293624 0.14169177647884232
48 0.2716223138740546 0.1867023967844395 0.22845098259314553 0.229743077698774
8 0.44855674772314547 0.19598215477038175 0.10412060923957994 0.07213185796531472
47 0.6129824533613972 0.16403507155372202 0.14730592616167798 0.06794599886671665
19 0.7712184144102074 0.3237820841106255 0.18713805745971912 0.1884239531722362
23 0.31699023288692 0.46741461022431585 0.08804891078685231 0.13585905103357293
50 0.5580872739068503 0.4084539260889245 0.14562933334964967 0.1302779055687756
53 0.4274692564755215 0.45126885698056235 0.17425171693678257 0.11306425591329987
6 0.7393259169808365 0.37412826670975374 0.15258913026978968 0.10914757007798356