8 0.5164760276116869 0.5575733641743379 0.15496847978922793 0.09801407341580073
16 0.7188623182813865 0.5014982400072417 0.15545822591380004 0.11003330418503164
28 0.36116063539181636 0.6052888209288511 0.12249002433435517 0.12431009128921253
51 0.7798604658689812 0.7688702013843329 0.22030900731174688 0.17246157868386028
39 0.6228534044476153 0.8286959651928176 0.15604592126328662 0.12445638110810855
0 0.4028565969016771 0.905276926577054 0.11650694132768945 0.0950996323040955
5 0.3670926451598794 0.19505081518382578 0.1899936150918762 0.13421805554238903
53 0.6003861135423783 0.14502116915193067 0.17189335209106543 0.10169298755601798
3 0.7276165034809031 0.11021777463876334 0.18361873518555263 0.09539221194188738
48 0.5411878632942232 0.36278868080335147 0.31204695805755844 0.18899876093954474
22 0.7162768356253346 0.3591069278465811 0.29517515051162024 0.12780969167650136