19 0.44986984247339695 0.629158433640765 0.2573813987604701 0.12541778113417834
9 0.8488813338807688 0.5555063247073941 0.24284642155683783 0.11977004025720749
47 0.6592002833489844 0.6085642678477636 0.17481137742553443 0.08459981360057406
1 0.5262843434387279 0.9043762312904898 0.23362268792339747 0.13603693095461175
2 0.6728630086830655 0.8982395836566703 0.30791811813151726 0.13076179728049964
10 0.8958901795971681 0.8564426810341378 0.16323974777852557 0.10313054235694434
50 0.36596706716228616 0.21154182626415277 0.1583761053305556 0.10044668001333872
39 0.6420746789519763 0.158251284015804 0.23317508680117527 0.11680616172384231
16 0.8264724609837071 0.12590604937288638 0.1313742962354701 0.07486812943119978
9 0.4612496663856299 0.44965187089458714 0.3156332078555556 0.15281643694975436
6 0.866074947686645 0.3840632032624785 0.18476246288258563 0.09958292290317007