47 0.35565744798417404 0.45191662721733405 0.1533456435704609 0.04791892345795235
31 0.4865913774866516 0.5851424419396487 0.1659839734040888 0.11327061334783459
53 0.6542744703160088 0.606144880699429 0.18532670356886718 0.11657014697375263
5 0.7612885270687292 0.8437963949828663 0.171015587579799 0.11830222752354494
2 0.437892219566936 0.9042908618037946 0.20707327988749144 0.11998164153367998
48 0.6144629509406194 0.9101161442996107 0.2983667671939884 0.1746049653227827
6 0.8367627397043841 0.9192706076185212 0.23910700642555446 0.1382640567527203
9 0.7621114862881065 0.16622132913044946 0.2424592065911295 0.10723797862073828
50 0.3642486145567396 0.17287619870033819 0.17984724565712076 0.10192314818265781
11 0.4158918960341653 0.4319350925730253 0.08257379016318439 0.07340624928383586
39 0.7807726872157402 0.4381358468500874 0.1716280587895011 0.07995264999601549
51 0.5455876274078487 0.4355771368556658 0.22965624928383585 0.08985125087377017