47 0.3002982490819601 0.5303889076929807 0.14152142030566223 0.07779643966042252
31 0.4587330121614208 0.6139705403929435 0.1574133375965489 0.1288649042406786
53 0.6237811699866896 0.59403986464015 0.18887317193480732 0.1373497826261049
5 0.7523463311822867 0.7964874003526331 0.189362785390744 0.15417670570302797
1 0.6237662856051003 0.8833605038914109 0.22556036725727516 0.16045363638443697
2 0.4424286523753461 0.9267643880676869 0.2217576255150388 0.11227876408259946
6 0.8435304849066831 0.8395913551934269 0.22994839088845034 0.14622645791118918
28 0.4240505143433338 0.15559298642969402 0.1624750853683363 0.22030900731174688
33 0.5948634808252498 0.14383089915307587 0.22329641066226813 0.16516337946721482
11 0.36024165154248355 0.4919314593748845 0.09132043019257097 0.08535489055260388
51 0.48360719796225193 0.46049374121194 0.23935394116557654 0.13940671634930815
39 0.7099405708838062 0.39724895022090057 0.2006126235863601 0.12822414413529243