10 0.5757211538461539 0.5027761821566966 0.1658653846153846 0.04137915060046801
8 0.4254807692307692 0.6231824699349796 0.14423076923076922 0.06440996373284837
53 0.6754807692307693 0.6420379455334552 0.14903846153846154 0.07184542406240488
19 0.5192307692307693 0.8931739463613311 0.21153846153846154 0.10600640834663913
6 0.703125 0.9161620347360974 0.12740384615384615 0.10929931411786242
39 0.7956730769230769 0.2546071460800597 0.14423076923076922 0.06440996373284837
47 0.6454326923076923 0.2584268953968042 0.15625 0.04333515301827809
28 0.4639423076923077 0.41824307564835456 0.08413461538461539 0.15776478653646928
5 0.765625 0.4803710959434086 0.17548076923076922 0.09951930202881165
11 0.6430288461538461 0.4770649344627952 0.06971153846153846 0.06574686708626132
16 0.4182692307692308 0.47260620251756796 0.10576923076923077 0.05781089648101187