33 0.513491460553094 0.6155055198329618 0.17387407764236656 0.1511473762302869
31 0.3677231242178467 0.6613262608531318 0.18351743259338077 0.15673996550803793
1 0.6673795699026924 0.6208523328923621 0.19777268750267998 0.12907115711697215
27 0.8005754599848752 0.8758312750885682 0.07243704347512483 0.061175188813901556
27 0.8931864701631186 0.8725686007330753 0.10876045397129822 0.10979162937469876
0 0.6957354415201789 0.9141705205391801 0.13538456884519853 0.14320009604235978
48 0.5144230769230769 0.9122596153846154 0.3269230769230769 0.17067307692307693
0 0.8400571143417442 0.9103189750900603 0.11593003692939245 0.10316876364070418
9 0.6844388509588584 0.16890467834745013 0.24842127874722691 0.16203802005593404
3 0.26902718294230527 0.2636617657444388 0.139828646789706 0.08109254452738927
47 0.43269150633715825 0.24214924500466714 0.15669752537007342 0.08967765268653047
50 0.3411417662025405 0.4763773743719054 0.1520436699083439 0.11572751189380881
22 0.5492282953561956 0.4669084636571167 0.2072761907755463 0.11062528485626161
8 0.665975663247604 0.44878110864984744 0.12789332702736408 0.09453450023789281
6 0.3216732491189197 0.5156729650471727 0.2002324743277854 0.13888276597487142