5 0.6282193968978926 0.5119390142518098 0.2008845701559352 0.12458793829046044
1 0.4320012063820624 0.570379211232785 0.22960474376342788 0.12319142202579933
31 0.678070264935356 0.5221954177149667 0.21581156803365678 0.13470698785043758
3 0.525819307311035 0.588698032398833 0.13864675225254158 0.0816239497392738
28 0.8024233709094984 0.7362025728200539 0.1469716696234624 0.19468866312747496
28 0.708930442196463 0.7574632690350354 0.14203799707710865 0.19211692865876492
19 0.4330805996263409 0.8702723713615297 0.24667340569838908 0.17417585620116108
47 0.6026096327821833 0.840357818802822 0.12687948196063312 0.0860119212598058
39 0.8484999425967694 0.8413689272814179 0.21479350450508314 0.16106535138531333
33 0.7421160134643935 0.07846067473092898 0.15774131962536558 0.1254807896105291
48 0.30254756114576864 0.17899110568767498 0.29817223845773166 0.1495803199723593
6 0.4048370029228913 0.1730196328429652 0.24364987997052132 0.1164835485088534
53 0.5966305526566548 0.1303303520981381 0.18545365132356897 0.10485350411509872
50 0.3347407525321018 0.4346077051580038 0.16710474376342788 0.12100887393256507
8 0.7091585090292003 0.3639460251424389 0.17040067320718622 0.0923306084012754