5 0.30367207341155245 0.6187440132987854 0.2033661936373038 0.14849815059025617
6 0.7265648858037999 0.7424180119161896 0.21001817386348628 0.12985605408703085
33 0.5492788461538461 0.9387019230769231 0.18028846153846154 0.11778846153846154
27 0.24328125606613124 0.913804038238566 0.17869822908406666 0.12490129278049376
1 0.4050480769230769 0.9326923076923077 0.23798076923076922 0.12980769230769232
48 0.764849971780923 0.2961610587702859 0.29471234748345765 0.15595467180581354
53 0.4035129048665122 0.21004081353518617 0.22458114034540208 0.13584109184981114
19 0.5573719205394575 0.263562661792767 0.1825966392593054 0.09404374126552331
39 0.7055083261267944 0.5551633914023744 0.13932740849007447 0.09051170490025921
8 0.6036945884854303 0.5348046303262701 0.17573482469486434 0.10547429930720999
22 0.3594465353152861 0.4823378345128507 0.2166002093102491 0.10881011142995949