9 0.717633300283367 0.6371870171852956 0.24604350450508314 0.16215662543193032
2 0.41283853808026577 0.5926434077981411 0.3094355877949956 0.13557696383644283
9 0.6146441959803403 0.9083217971641289 0.27615968235713295 0.1416132840939322
22 0.2688580689231934 0.867609084607166 0.21897129561946976 0.14921400893094672
10 0.398040970847222 0.8978898972578866 0.13054313050109093 0.11013432695569929
23 0.4280463712907711 0.14221605850299948 0.08752586020918247 0.113431024429614
33 0.8081894574336848 0.2141215317754042 0.2254269526490414 0.13504276448016592
8 0.5647608730826332 0.18902998967963083 0.10714479177521938 0.07572498338496435
16 0.8321070495431271 0.23848050273775193 0.18494973036892431 0.09523811949971414
48 0.3677493650637159 0.37706801857471817 0.22364278606921673 0.19256718385760946
19 0.7720041244837058 0.49252125996152374 0.2608547437634276 0.12428269607241646