8 0.5363222383907531 0.5599262925202203 0.14561542582363268 0.09110037762780324
6 0.33777415459963483 0.5893359463738345 0.15265912712239973 0.08207366573996265
50 0.5298963836225726 0.8593032507953239 0.15071683316617468 0.10831974918975582
51 0.7806996934379138 0.8616343559140792 0.19237944430472326 0.1573286382355821
0 0.3578535464598013 0.8829486687505074 0.19904551198725484 0.12666731096312597
28 0.6826834946313161 0.08882070896267123 0.1305507929558084 0.17764141792534247
5 0.8585689604158446 0.11354783982772167 0.22552977897025528 0.13122962378463354
11 0.48350602147980537 0.14776459089077937 0.08754548451508953 0.0647563804228358
3 0.37541686313811407 0.1517869894962472 0.1427500274721653 0.06446184569298087
48 0.6032969861417169 0.36722635009358157 0.3217675437054872 0.14388628579291265
22 0.7706431125157055 0.40637526850217004 0.32573605019932284 0.0962018112010188