8 0.5285893599128711 0.6231073759695678 0.1548531200117476 0.0919108876141151
16 0.708430280933291 0.6552731026236999 0.1379422830876918 0.0841117400505519
9 0.3304258942736403 0.6168116151115612 0.22000870770699235 0.1158119952493967
5 0.43068646654511045 0.8800289394189046 0.19398596925034867 0.1509463018253362
9 0.6260684737183975 0.9188605675112664 0.3186223425794398 0.12406139801180444
39 0.2644714409000058 0.9158691632047954 0.1695279384762231 0.11404916794332273
31 0.3906932440753159 0.1869962841060078 0.17905940924447486 0.10717340611151283
6 0.8115053353449668 0.2636102383228306 0.25324298462517447 0.08092952114575361
10 0.5246792748372044 0.23638194975134946 0.14230243487734248 0.04581808990387767
28 0.3905517035327998 0.40566233994857576 0.139284904641817 0.19949635543516728
53 0.7307510348014717 0.49229996190091185 0.1888426215541252 0.12193225966431817