5 0.3285248700776933 0.5820485913823248 0.21481567042965344 0.1516037811776168
1 0.6658918098844856 0.6419143892709601 0.22345156279589362 0.1281253520186742
33 0.6198819923349469 0.9024161179621731 0.1876877181629446 0.13323676905701623
31 0.45968340081697706 0.9033131947332163 0.15471951658349944 0.14810357880562244
0 0.744561612282254 0.9168403164604805 0.15467463211448462 0.0881474330543482
27 0.2711549339553754 0.8889934415184535 0.1753746397189704 0.12532519012107896
48 0.7817233855508037 0.20265355538974836 0.29654643966042254 0.15636405640352885
19 0.5699665833280056 0.18004849446095886 0.23537284434020983 0.12642154633922692
11 0.40422568031548517 0.16319674126791522 0.09909232290127953 0.07771570841057535
53 0.36648240046703634 0.41960267239627985 0.18160668593136448 0.10170675286725675
39 0.6596985664803677 0.4603540006081357 0.3081738735299956 0.1474487122625431