27 0.42175592057337197 0.6355459620217077 0.20164045158790217 0.14810570210522656
9 0.758662101208533 0.6099365163466313 0.24313573739659233 0.16346074499720695
39 0.5189840491618546 0.9223146200678705 0.15420365132356897 0.11072359534360196
48 0.8233173076923077 0.8930288461538461 0.2620192307692308 0.2091346153846154
5 0.3858173076923077 0.9447115384615384 0.19471153846153846 0.10576923076923077
27 0.7490177121389212 0.19512598580932516 0.1404206972130819 0.07608862797718229
47 0.5155399062384756 0.22797115083560918 0.14510240928211304 0.0740772303083655
23 0.31266009550253027 0.46006558952310417 0.09043362731767328 0.12706015618032124
50 0.555695406708672 0.45214189512659775 0.17672012837881249 0.12931653660315698
0 0.7006820573714082 0.44949227275440096 0.18848739867072092 0.12548996550803793
8 0.37377431287725754 0.49160972752079324 0.14876605782257085 0.0983119160893417