9 0.5325167988909828 0.655075944156306 0.2926275754051738 0.17348276859957842
16 0.34430437325566793 0.5987096597596946 0.1259789948832163 0.09360654899765727
9 0.7373463629853888 0.7307461426931346 0.22979192001664253 0.13990064794690335
2 0.5889423076923077 0.9375 0.23557692307692307 0.1201923076923077
22 0.30022229116685845 0.8720553737708155 0.19870974771090827 0.15195574146671995
10 0.4223709044949705 0.9198066932759144 0.11893528411594353 0.10748316821228944
19 0.4260105394653157 0.19348084967541274 0.1627079979679712 0.1540311452321886
33 0.8093951876560858 0.32839449156169553 0.21550869950545384 0.1508269632992449
8 0.6365839917617498 0.29244296809748366 0.10171676308573378 0.07255425407207233
23 0.6725141291681148 0.5129054861322657 0.08788108309258674 0.12194210788595218
50 0.5499039896807721 0.5048176281656285 0.1839510153992999 0.1220166722036766
11 0.40961464506930345 0.46531554900480254 0.09472899488321627 0.0912385655943968