5 0.7043664745149193 0.6418268159680742 0.19290905452372853 0.11120132260854049
1 0.532400570924123 0.6504484463866913 0.22657688584538946 0.1149764579111889
11 0.31959026046966443 0.6537991707509934 0.0821363390973983 0.07304181210862956
33 0.7572115384615384 0.9399038461538461 0.14903846153846154 0.11538461538461539
39 0.3473557692307692 0.9483173076923077 0.17067307692307693 0.0985576923076923
51 0.5612980769230769 0.9435096153846154 0.17067307692307693 0.10817307692307693
8 0.42902979643512984 0.2338790651058401 0.15901746051703086 0.0689646488443536
47 0.6500717612464576 0.2621211630287386 0.14680243739839283 0.03482105656593518
19 0.7847213074262298 0.4683764480825588 0.16191078754439495 0.15319721345388343
23 0.30263827223755757 0.4679683977179811 0.06803492103406174 0.12774257829760452
50 0.6415456170103284 0.4877888538155337 0.16165905452372853 0.10992798268465265
53 0.4215517384299608 0.48603803819740016 0.17346850777573736 0.07436003650153261