50 0.38199979716901755 0.5913019465617662 0.14406492868803428 0.10358668023485439
51 0.7817376354609513 0.600437303867091 0.19202995148440175 0.1012985927003852
31 0.5494867309134086 0.6005751661286619 0.17279918225363253 0.1002907507910959
33 0.5827829307897444 0.893660537349543 0.21919961100032054 0.133934375325658
9 0.7585994008621803 0.8988870568503555 0.22635519932158132 0.13190846988779534
11 0.36664650835801293 0.19017458946611132 0.09296870791420958 0.0744987875306624
19 0.6219577519282052 0.19845529955264407 0.16295999707713696 0.09017144522106676
0 0.8025819143083337 0.20342985857613421 0.1195229158870729 0.0806922624636275
28 0.7936689212635687 0.38921890373492446 0.11197768646196621 0.16913064920129053
8 0.6168193834740923 0.44301259524200387 0.14093373071057705 0.07221069999619335
16 0.3763228678089214 0.4508029268004272 0.13159809679658133 0.08372600981077948