8 0.5204237590583877 0.6309357395646906 0.1597726974489504 0.09984655541217954
16 0.7266239159892967 0.6934117842507485 0.15991255386083864 0.11186578618141031
28 0.3625103098222341 0.5876075438380345 0.12642653540125792 0.12550556114059847
51 0.6682692307692307 0.9435096153846154 0.23076923076923078 0.10817307692307693
39 0.5024038461538461 0.9399038461538461 0.16346153846153846 0.11538461538461539
0 0.2723546196077567 0.8943197191364318 0.12128318770503445 0.09654750701388902
5 0.5407411979753134 0.20844629296068423 0.19387408412083845 0.13909139583760705
53 0.7724334810630052 0.29314442950427416 0.17665556309062871 0.10504589870181637
3 0.8990549733755925 0.3321395041765499 0.18615906257650286 0.09565431464754284
48 0.6242070287788083 0.462724468813836 0.31948945233314585 0.1948854185166669
22 0.7851257067399268 0.5577913069884622 0.3019352759144049 0.13199376753472253