6 0.6047835497504986 0.41484985723851303 0.12955872910196412 0.053625829278799594
5 0.5891503694636143 0.5327571927034003 0.21422797508016672 0.12621670959988734
1 0.4517617840292333 0.5539940321604434 0.19450745972482522 0.11408559748813815
11 0.7325710125171182 0.5415404598338045 0.0970802736470911 0.08227619077554629
28 0.8237538819521318 0.7730361179742554 0.13725183340119046 0.18344750675430696
28 0.8773241419111483 0.7895553673592529 0.14004747645469434 0.19307687653750621
39 0.6818473617413596 0.8604206821655119 0.24116002889704655 0.13838977721508064
51 0.4118778831802899 0.9028663907439687 0.20588593038866995 0.1574107689286282
48 0.24547797508016672 0.12360148321852035 0.2441964548693945 0.21290900798431156
8 0.43905900731174685 0.15373266979333663 0.10601001368807471 0.0655052083698824
47 0.6120869557762127 0.1515238146337482 0.15570718911952824 0.04656812766322392
19 0.7721263530264844 0.33212614109289323 0.1968582411227719 0.17177790518044583
23 0.293534447439879 0.4178628595474522 0.08952182275491001 0.13270101933505637
50 0.5519744413562901 0.38750630757730037 0.1558500228134579 0.10905414249540914
53 0.41007201128896015 0.4159826558315115 0.17459104591965485 0.09714679306869665
6 0.7307181575306281 0.3780509510366365 0.15997207054674908 0.09225518975411563