48 0.5117598411181129 0.5260606784956532 0.2967414756356307 0.17842647381851315
11 0.8210165533899458 0.49119342064845256 0.09917583582140128 0.08989622783574501
6 0.4364469703920878 0.6093177097660422 0.1497405492096026 0.09406290129566486
50 0.7923917485538037 0.8086842684768512 0.1723824944834029 0.12366455255870762
51 0.9134615384615384 0.7740384615384616 0.16826923076923078 0.18269230769230768
0 0.5371948698706352 0.8753586010143921 0.2140033765156763 0.14672621861966834
28 0.6090850249877982 0.08441121248568045 0.14829062319919364 0.1688224249713609
5 0.779674157753443 0.06890258034950227 0.22593866312747496 0.13780516069900453
9 0.37176437134945395 0.16993279576263062 0.2305784671203031 0.1401022892601545
8 0.7878739803089136 0.33470685538199846 0.1473367030557563 0.09397895713823277
22 0.595009213310881 0.3943909475186128 0.2732600887875094 0.12478636101700899