6 0.6706469218022009 0.4374960169654066 0.11728795126276846 0.045566947411278244
5 0.6288661442996107 0.5487810268512383 0.16816389768991705 0.10762208575572092
11 0.8352346974585245 0.5584352142748992 0.07536225170164593 0.07265001520897184
31 0.7094246376506329 0.5719910101213693 0.23535962906360033 0.10796081789947944
47 0.44371732391380003 0.6069018356253346 0.18677556785628902 0.043599782626104894
28 0.8353072475622668 0.8185403450148561 0.11142657186403354 0.1772887397482443
3 0.6081437860238055 0.8277965467692715 0.11589175351500348 0.06710361357097892
39 0.44792580072118066 0.8523879909923855 0.1631322835142067 0.10261849499819976
28 0.8847277018472982 0.8454275143627209 0.11690602977577996 0.19190771512115007
22 0.5819023808570348 0.9107516813114712 0.18935066933849634 0.09888824416456643
1 0.855130782587605 0.9080479058221429 0.2384352408215006 0.12248184404747064
27 0.4060034150874057 0.9347778724196062 0.16039255455833348 0.09530900731174687
48 0.3600533934587492 0.10334095086358039 0.18902141439116443 0.19484619186858365
33 0.7148182897492465 0.11899049172423339 0.12013964115265069 0.05528028125157722
23 0.8919488257929747 0.12140660830840605 0.08022923840369053 0.12563257981850173
51 0.7114101091166668 0.14923446709713922 0.2710814385692656 0.10221851781165762
53 0.5169784729901509 0.16317796969982495 0.171068254119456 0.06695259959016522
19 0.8422387055398306 0.37270239046680137 0.17554669147981655 0.1631064457440113
0 0.43316666284712446 0.40622965639163794 0.18331140675670482 0.07225003802242974
50 0.6123651622426719 0.4013362852893577 0.1456335948332295 0.0875097735007217
8 0.45564098523680746 0.4233769595212541 0.16648448367978175 0.07156439344802862
6 0.807050367434382 0.4186917572991292 0.1499934434048857 0.07809028733516608