1 0.39728685372248845 0.5709592732001648 0.22099584653487542 0.157667393060644
9 0.7357879455334552 0.654986948860853 0.24755011516119213 0.16084063178810482
53 0.5329955144081348 0.6163561840962282 0.18393050582110193 0.13498360598473597
39 0.4026445870671353 0.8668771568512099 0.17319551186562726 0.11066536532859644
5 0.26705120124284565 0.8756367291961046 0.21400822994135493 0.1622652510300776
48 0.43105248266139135 0.1330874387401489 0.3094376439514902 0.201050789735131
27 0.8622169262567917 0.268578723634144 0.1599447108222974 0.0838733337391912
47 0.626636689252521 0.22368067493014407 0.14965756060285867 0.06917047769843623
23 0.35920392282059116 0.3734813028608912 0.09705616148061348 0.12525405546409524
50 0.5902300365823636 0.44980421351343985 0.17146343131583522 0.1250184974722538
0 0.7330942552625438 0.49378936699432163 0.1784510479093555 0.12042063950282006
8 0.4084301024347804 0.42259814889298003 0.14848528472311173 0.09554284061132443