1 0.4418139880356468 0.5587812959409324 0.1909181224146225 0.13578062330574225
9 0.7800615107814195 0.6017501667052048 0.2419586963154367 0.15074002406744802
53 0.5804006718810037 0.5844546806866318 0.1711275485138083 0.12264132777747318
39 0.47453604981450187 0.8473246927203557 0.1632442444482156 0.10779822656975704
5 0.3395584491272618 0.8732639962349088 0.20405696252394334 0.1605191253186026
48 0.4364759601061332 0.1336624012178076 0.2886394216445948 0.175034793254779
27 0.8691748956531361 0.21210634494459354 0.13512252274577272 0.07020044521838724
47 0.6382080762857159 0.19542904108253445 0.13937041038341993 0.05846123063891601
23 0.3898677848807176 0.37500336472569124 0.0871048940632018 0.1201448906105275
50 0.6255040023519929 0.41430719490696916 0.15614466692068601 0.10978204843896386
0 0.7569911086698202 0.44280445009115404 0.18499082076683984 0.11146214557752096
8 0.4398480438357939 0.4130685874434805 0.14311778774537431 0.08744739257994966