9 0.554859959053493 0.627671819601037 0.2607901784752441 0.12215375665312295
9 0.802512055464402 0.6526906088877402 0.17140033026489476 0.0764319212185416
19 0.6815390780614633 0.8853735219366963 0.19613807386279639 0.13849031748984195
31 0.7422645857611134 0.9443656664611015 0.15968878360181768 0.10189310769827578
39 0.5168286072075511 0.24872275712890854 0.20035836924055908 0.0884019967441022
16 0.35834258874797065 0.2501950340460173 0.12083564718699268 0.06509967366419502
47 0.7752140974636352 0.2674130170453894 0.18081991590363616 0.060389895111677167
28 0.7339727846667808 0.4381598268339715 0.11723072002153746 0.16807260979455035
53 0.41039059185719995 0.4921984002483372 0.15954892718992972 0.08987387692904515
8 0.816346893392235 0.5001199126179319 0.1425821477011184 0.07648107646221164
22 0.5990365723693678 0.5027943109780465 0.20267830154727223 0.08138668252507841