19 0.6837364092992123 0.6360337011071594 0.292663387414224 0.16183002553191764
31 0.3832819733382715 0.5898657008981041 0.24436254246928285 0.15366046726540278
48 0.6592534179520624 0.6762519825221147 0.2662210797219163 0.15998099925456527
33 0.25891432811205906 0.851918998300075 0.15737623719478536 0.13799372392413728
3 0.42193133676490907 0.9052485569544385 0.16576005153607076 0.11222378942359403
22 0.6610576923076923 0.9435096153846154 0.23557692307692307 0.10817307692307693
23 0.5252799735946034 0.2176304436727277 0.09442839345874929 0.12400791356228343
50 0.36911228733143636 0.18274996441706326 0.18532670356886705 0.12078007426866175
53 0.6292907905442137 0.2644378703736873 0.18795447159073111 0.12575585987429522
1 0.773999050708195 0.3104971139088769 0.13590624928383585 0.08857205446368528
9 0.3663035003481206 0.4053831435860793 0.2391070064255546 0.14370889605413595
5 0.7416460110048428 0.5418464345459366 0.2203240809308216 0.15197953428599137
47 0.5274501342473411 0.49572017767814647 0.14747763631703054 0.07979713633800636