6 0.6661883315860027 0.45939936885595195 0.1260963562181479 0.06795247235710059
5 0.6597575703415176 0.5751386572819961 0.21202736829531033 0.1453054026464497
9 0.7680706553594743 0.5844745491807952 0.31919668001333873 0.17612186446886524
28 0.90460946891661 0.8111578904222415 0.14525599982624698 0.19131885350824918
1 0.7694684931578112 0.855184891799417 0.2366258622132908 0.15646124187182409
28 0.9362980769230769 0.8269230769230769 0.12259615384615384 0.20192307692307693
51 0.5204326923076923 0.9170673076923077 0.21875 0.16105769230769232
48 0.30470359904282196 0.17399566862594848 0.24831765971098196 0.23384645517789762
33 0.6360962023068368 0.16888865728199612 0.19237657477990175 0.13686150049691956
19 0.8147841818741651 0.37911404759065437 0.21284370832369875 0.20043981872391223
23 0.36477380119762487 0.4652300253854681 0.09904659906454108 0.1380652659794987
50 0.602288250637205 0.4313557253315175 0.15830270434141624 0.12749332558139578
53 0.4723868457411827 0.4625466865150365 0.16920187035160886 0.1090327836556213
6 0.7794728255474215 0.43073585867620945 0.15732264767725795 0.11066640250447271