10 0.5884912572671628 0.487077123196416 0.13927206294226302 0.056085616103904896
9 0.5784493630872865 0.6241872575564429 0.1764071967240143 0.08273770131343437
8 0.769724498389935 0.6567362754529202 0.16429001672986926 0.08026392932051443
19 0.6269731393370633 0.9004127951476213 0.17655003041794368 0.14522371614561974
6 0.4698415963128333 0.8796872156709677 0.16816310125743208 0.11633560679602138
50 0.33804838712890234 0.8612186380861048 0.15143412740542345 0.1186415567751639
31 0.5092827341323651 0.19540140020292263 0.18190053360610775 0.09959259472598724
39 0.8425541585838159 0.2607861319360804 0.15948232442217694 0.08023595898488486
53 0.6379599202100992 0.22591018630873844 0.1449612982741853 0.07774820182414992
28 0.716046117401823 0.43103346259595543 0.11502952266708852 0.16889856332089656
11 0.7894083095631456 0.49071705399157284 0.0846692459782026 0.07259088032108761
16 0.43033124738133116 0.4411111591043778 0.11822514290713435 0.07038282651664875