33 0.3991457543625208 0.6566387274906362 0.17149820182415 0.14977614939156297
11 0.5733127191738485 0.6455251259755203 0.0918076643840422 0.08358143856926557
19 0.7665845867056122 0.6136725965478611 0.2773653287680844 0.17152935356488241
31 0.6721089606895418 0.8976556976490392 0.21712932324378242 0.14469186867619563
0 0.8355005733120062 0.8932498103924211 0.2003583408381185 0.1535235267535171
39 0.5 0.9387019230769231 0.17307692307692307 0.11778846153846154
1 0.6706730769230769 0.9495192307692307 0.25 0.09615384615384616
6 0.33203924427784415 0.2750100130416237 0.2386380721180646 0.1240649016976613
3 0.5289168810403773 0.243325425014978 0.1494580165729054 0.07905696252394333
50 0.3635208009019377 0.522803755485967 0.1617289803628026 0.12288599796321921
53 0.5700068296959481 0.4903650881184344 0.2411118441109848 0.13619609340090108
27 0.7621187296542332 0.4656681166853091 0.202468498467854 0.10315471845675689