33 0.4548920441485072 0.5544661482980058 0.17582804508890015 0.15599730008664842
27 0.7948575261790304 0.48123400718754855 0.12207178965294083 0.08996734082988475
5 0.6305685549505358 0.799129466071595 0.2197271770514366 0.17104221021881963
8 0.8825944603883985 0.7742681313262376 0.11346424694684551 0.10852573686888925
3 0.4799348971902414 0.8711855140629042 0.15660749747741512 0.10914757007798342
23 0.32884510576447235 0.15192243752767576 0.08512201405533631 0.11612400190898037
16 0.4231620168384475 0.15618410660027937 0.1333351389902046 0.0763847303965134
19 0.6820896209508379 0.10188829146597435 0.26971424694684554 0.11945180123506284
51 0.3905278946168003 0.4081759561842378 0.16166715026242975 0.11429144898155823
39 0.6328175460102593 0.35866256336628993 0.18114987997052132 0.12044388767277944
9 0.8182967513820387 0.33001033277585223 0.22568913474564775 0.10200304494904563