1 0.41926718221828935 0.6181952771099065 0.1638451550743119 0.13571854190548238
9 0.7579605267048688 0.5829478951378531 0.2266390027490552 0.1462055665722111
53 0.5626878252717933 0.6160757166948607 0.1802802812515773 0.12698501896072592
11 0.34874960772292785 0.6638836864619097 0.10689155671230484 0.09195561180089129
33 0.7954589334910314 0.8450828845264607 0.1619310550450379 0.14761179243605227
39 0.47055199596558506 0.8967111479304811 0.24979592126328676 0.12583075357420734
50 0.42908653846153844 0.9423076923076923 0.21394230769230768 0.11057692307692307
8 0.47764303585885276 0.2201595466710921 0.09668847674743339 0.07702861392316972
27 0.7281062496054752 0.1923331167571372 0.1419697567708526 0.06980685384234707
47 0.30471712676274354 0.2665034112646115 0.14927924445730548 0.07258864071217672
23 0.7186765916357386 0.39419320356088355 0.09065232898486833 0.10549682705334007
19 0.7452433809309104 0.4220842839977946 0.23625438736443982 0.14670948752685561
5 0.39345336420104127 0.4831440724688499 0.20731028429337156 0.14279387850907563
51 0.5892913187490959 0.46570424103117286 0.09178283521482665 0.07437280729200123