5 0.6274038461538461 0.5602302210246749 0.18028846153846154 0.10891617757119303
1 0.43149038461538464 0.5820509234485939 0.1971153846153846 0.09478681568296593
31 0.6754807692307693 0.5742905606846854 0.21153846153846154 0.10465395604250748
28 0.7836538461538461 0.8093518056889397 0.09615384615384616 0.16754375624309775
28 0.6875 0.8172888186766112 0.11778846153846154 0.17994062062856386
19 0.4026442307692308 0.8712108734987415 0.2283653846153846 0.14340920953889588
47 0.5793269230769231 0.8779006505954338 0.12259615384615384 0.07425530844071887
0 0.7704326923076923 0.8848421834362831 0.21153846153846154 0.10946164835019992
48 0.3449519230769231 0.15505961975288274 0.2644230769230769 0.14644244505313445
33 0.7800480769230769 0.15063502059905434 0.14182692307692307 0.11064867507395393
53 0.6370192307692307 0.1745807504951386 0.17307692307692307 0.07994414585296078
6 0.44471153846153844 0.19165669954740447 0.23076923076923078 0.07133578421420403
9 0.3954326923076923 0.433584995626663 0.29086538461538464 0.10603861263537094
8 0.7211538461538461 0.4296550949001569 0.16105769230769232 0.07252281093795815