9 0.4920784477945078 0.6526679948150502 0.21164399853855434 0.10458430052485951
53 0.8458268839355181 0.6556250800175707 0.15534769509080348 0.0824559858048838
19 0.6790865384615384 0.9399038461538461 0.23798076923076922 0.11538461538461539
27 0.8185096153846154 0.9735576923076923 0.07451923076923077 0.04807692307692308
27 0.9483173076923077 0.9855769230769231 0.07451923076923077 0.02403846153846154
39 0.8285199335485353 0.256775588837101 0.1693928312978972 0.07600032877531217
47 0.6935844875268558 0.2664846284296687 0.16332533660359325 0.05170990675952831
28 0.7953291218721971 0.4468156368488924 0.1263551177674201 0.1696345701559352
33 0.8669933540329834 0.48772867915468143 0.17393834150898285 0.11699169362935781
5 0.7053006497223433 0.490042320737361 0.1759642469468455 0.10990613540648052
22 0.4905292488594538 0.5087521761809338 0.2148139477436515 0.07358626100218182