31 0.429976154663804 0.6424715541114916 0.15506642901414233 0.10041791956964702
8 0.6255467939150651 0.6489035269857785 0.14986693980679205 0.09043822981529924
51 0.8150098685567961 0.6524762722825153 0.1869041243636289 0.11720897989598428
48 0.8066779956694804 0.8890908972421726 0.23831132108764336 0.20258280051638494
2 0.5985576923076923 0.9362980769230769 0.28365384615384615 0.12259615384615384
11 0.3512655579404628 0.23989904884343216 0.10900155519140757 0.08734163613411242
39 0.46880914641663823 0.242814909363414 0.19784591365880083 0.09167743505108451
1 0.7699041433748438 0.2512519799102748 0.17120770751666414 0.08486606447909491
47 0.6435287640825995 0.2668382783431359 0.1746441106755542 0.051576523464211925
23 0.8296411143600284 0.48224064540784933 0.0818205381687994 0.12602118991571815
53 0.6611494527630192 0.4934373507978599 0.2302713043577741 0.12289157230049884