50 0.6198488210355587 0.5949519230769231 0.18347833952088083 0.09134615384615384
9 0.41970000908558736 0.6129807692307693 0.18753053441168438 0.06971153846153846
39 0.7931356045060619 0.5889423076923077 0.1785867030557563 0.0889423076923077
47 0.7400449073172772 0.8701923076923077 0.14468102442961403 0.08173076923076923
33 0.37704887088066574 0.9050480769230769 0.16609434175361754 0.14423076923076922
53 0.5632210315675946 0.9086538461538461 0.18389806030804115 0.10336538461538461
8 0.7003929853446468 0.1814903846153846 0.09310898115222753 0.05048076923076923
10 0.3296817455019043 0.23076923076923078 0.1429181971235402 0.03125
5 0.7501945422383384 0.4074519230769231 0.19591729107727218 0.10336538461538461
1 0.5673190790253243 0.44711538461538464 0.2025412204367859 0.08653846153846154
6 0.39842026707535294 0.4651442307692308 0.18023505179271382 0.0673076923076923