1 0.42128567300146524 0.5653148483773047 0.19333114034540208 0.13217851452750595
9 0.760787538929129 0.5204005668496335 0.22224723897097548 0.13676819151513114
53 0.5546291897605072 0.5576092269249235 0.17382059199695485 0.1211059093562688
11 0.3381909805720156 0.6183830357396783 0.106023286233326 0.09917871433386147
33 0.7953008104441296 0.7768282814990906 0.14553399638615724 0.13815084775325914
50 0.5307157333992953 0.843648987857323 0.14511432770964 0.12372777083018222
39 0.6705235066091796 0.8198629849812378 0.14999196479675175 0.12649592212299154
2 0.3879095834104992 0.888049835610582 0.14434493513602548 0.09728546313787453
8 0.541314390036149 0.14966605967371083 0.09062098239837588 0.06443195276312598
27 0.7796448831640158 0.11961372452580411 0.12399504943454404 0.05736670412048342
5 0.36887419615533046 0.388196125429478 0.20628537690066936 0.08279066071362624
23 0.7352030660621092 0.32805701179135544 0.07243938485889928 0.0990324245149657
19 0.7834327405246627 0.36038057642467547 0.1886633375965489 0.1366219016962351
6 0.6073574406688278 0.3941104063045228 0.2067749903566059 0.09961758379054932
51 0.37942458655675154 0.43776613181283935 0.2844674598532975 0.13188877370626748