10 0.6614413037772432 0.3418880517230225 0.12902640022190162 0.0801114233148159
50 0.5811612184374996 0.4923979967142612 0.17553872924914524 0.11989737623028691
9 0.7749785595936427 0.4633807913456764 0.24536216799123933 0.1303955715709047
19 0.8778073931811424 0.735702588311259 0.20600743716335485 0.19196360560200149
6 0.5314557116582257 0.8755415011447029 0.24094612666549153 0.14683004616279843
5 0.5365862038231837 0.0881591960169951 0.21964721212254298 0.15948710490324336
39 0.7105583291445512 0.04966009684141391 0.18051427197767111 0.09932019368282782
16 0.39473030073707255 0.1525229295887187 0.14864882043461536 0.09850814033185638
28 0.36347527604182656 0.41299674567358424 0.15407196428536343 0.12534289650919342
31 0.7877281570036322 0.27639592957379816 0.18537791442564108 0.1302976578157303
47 0.518887028876709 0.38471528203138805 0.17022748567895307 0.09787031236064231