23 0.47871700125859995 0.6103014205797171 0.0655213075750001 0.13053494564951015
9 0.7867719799236639 0.649953422672932 0.2236156523260686 0.10834258874797069
3 0.3667692997448712 0.6679089723595779 0.13584628770149584 0.05445100719776154
22 0.7439903846153846 0.953125 0.19471153846153846 0.0889423076923077
50 0.3954846226917733 0.20898414159279471 0.16077995148440175 0.09319225848307593
8 0.6115230507663993 0.22472271085293322 0.09268895721282068 0.05875521642265676
27 0.8432144539111643 0.2394411703716031 0.16463649140737174 0.05238281643244655
5 0.41163612432916624 0.44481280621111624 0.15988474923995738 0.05473072002153746
53 0.5864454918766021 0.4757008636708354 0.15574845861559836 0.08352093130293607
39 0.7844550737973821 0.49122964831314186 0.17967501987350415 0.07899295181901983
51 0.4069393273629804 0.4916458492875498 0.3189302463757479 0.07340374773538262