33 0.5153394742715929 0.5651133450242538 0.15822208666256296 0.1248206862470716
5 0.7548788205501743 0.5674218566685294 0.19668362512410142 0.12773512735877682
31 0.35322671640440234 0.5858221050027217 0.1750070504487933 0.12369190807959654
27 0.7252889423013553 0.8717457612337045 0.06561715409562432 0.04578350399138715
27 0.8205765397038209 0.8837815039699515 0.09774829920017379 0.09863225662541672
0 0.6064873744940884 0.8915796211153502 0.11980250749171727 0.12431009128921253
48 0.416268833660046 0.8879408279505484 0.3128654670318808 0.1821515276169693
0 0.7583492750933243 0.9041424707764724 0.10947381493455474 0.08271609639590156
9 0.818533324798776 0.14618297125343827 0.2469126386107136 0.11713725439481298
3 0.3725149650335824 0.1739626575076551 0.1450699550446258 0.059006077245817586
47 0.5447046597137786 0.17896759494356862 0.1425402310187011 0.05161238621479754
50 0.3884154301919 0.39540766389101645 0.13106647102847724 0.08195162336738968
8 0.5332336294923689 0.4181323558759681 0.12621681943009205 0.07918347207458035
11 0.8317511251215668 0.42078582187563734 0.09015912712240001 0.07645118353235685
6 0.3553699937530999 0.43281356909452773 0.2034336113880188 0.10183927737491388