0 0.6034578182832127 0.5730679787370896 0.08693363873484075 0.06058563471967177
19 0.4504810186393024 0.6166370892591891 0.2380993580194734 0.10712579204726598
9 0.817680028310543 0.5803222740572219 0.22826005153607062 0.10226215906831453
1 0.5373719326165289 0.8826956294614478 0.1953899319202876 0.11889328979583033
2 0.6699193538800945 0.8906763521528002 0.28204035439275815 0.12180060199100932
10 0.8805061474794795 0.8714743546128099 0.15614466692068601 0.10184260403387067
39 0.7378524168089745 0.18212911381640612 0.22322843736036055 0.09742649642499265
50 0.35793607749462086 0.22918431828769964 0.1552489794486141 0.08261183480310144
8 0.5207258503521052 0.21571223277602886 0.15228532862472285 0.07057861886605589
9 0.7607318581770793 0.41537211657855705 0.20466943373364516 0.11173769200555114
16 0.5474909632860019 0.4549858286745174 0.1402660978554921 0.07050869302698196