6 0.7134417075449141 0.5129498555147668 0.13067933235903612 0.06769130892046576
5 0.7025409664947074 0.6037307562459415 0.18697563580678697 0.08917491032426739
50 0.44641048168107306 0.5888729894714884 0.15622955676143163 0.09751695501576417
11 0.8573847406308664 0.6624638012301775 0.10031119402966428 0.08324489207350129
31 0.7245433009760222 0.6558317778312414 0.2599626604735157 0.15451543784678634
47 0.4620831393714773 0.6580947818084546 0.1766043697594354 0.07436003650153275
28 0.7284129127070235 0.890549600118442 0.14773777267471316 0.16433490119888405
3 0.557802825903277 0.8987059181642908 0.13434298089949392 0.09182771968384174
39 0.414459029152778 0.8985242816620851 0.20670010437291667 0.1451490164371299
1 0.5930944151597183 0.9285846290154885 0.23568246007701588 0.10315312559178699
27 0.3568194899605167 0.9478480122849463 0.16142541140439162 0.05934926422896899
48 0.4338635659113782 0.11963324334691618 0.2451411995958869 0.2378664594320861
33 0.7955589787073254 0.19523201421635134 0.13864675225254183 0.08240823351828605
23 0.9603365384615384 0.22716346153846154 0.07451923076923077 0.1466346153846154
51 0.783912577844436 0.22581881187645775 0.3125953153808085 0.15186262848721185
53 0.5852854303651175 0.20500449447328867 0.18735357652277046 0.09638644878580578
19 0.8858173076923077 0.47716346153846156 0.22355769230769232 0.19471153846153846
0 0.46061226298468017 0.44616452337033535 0.19228724906912392 0.09898619338948086
8 0.4879364323476159 0.46191400497319945 0.17318246007701588 0.10060644574401131
6 0.8485610131149434 0.5170800835349423 0.16166715026242975 0.10973208423482379