8 0.504910177000855 0.6317751736055324 0.15436360505530133 0.09790282576461297
16 0.7077904365640961 0.6856731653151805 0.13264507866379696 0.08221967598761801
28 0.3536286987384175 0.5953104328588762 0.1208356254117884 0.1175773278209115
48 0.37883331907911566 0.8095909065179383 0.2630960886909701 0.20035703618804845
47 0.6690483933911123 0.9383107321522364 0.13995451330003908 0.09946662334918042
2 0.49399038461538464 0.9206730769230769 0.23798076923076922 0.15384615384615385
39 0.29665502447827297 0.8817537082151031 0.1496677940901274 0.11685357880562244
53 0.6764930911870431 0.27866497506378685 0.1808338830832386 0.10425060711598257
3 0.8397098892118227 0.3302528332079187 0.16147724734213617 0.08149592697232909
6 0.4771137120959604 0.24300584165030456 0.24565381823019605 0.0936077487546594
22 0.480522887622173 0.48367047322467943 0.2987202407964038 0.1279379268420144