6 0.6392658741726754 0.49039354863392 0.12013924293640835 0.05906290052881037
5 0.5942967939150651 0.5967361906918917 0.19951105048234652 0.12005413541104779
11 0.7259655214961318 0.6408988183665778 0.09207668288956992 0.07795801437104845
28 0.7450819809282181 0.8739600101601444 0.13955773033012192 0.18182688206922995
28 0.7918324993253538 0.8998708634872774 0.13705593495136162 0.17939506463300603
1 0.6022000586117435 0.8792300706923812 0.2263451550743119 0.12997720413258607
51 0.33652608399928624 0.8811189743181836 0.19097310734102074 0.146384557973845
48 0.38453169733809334 0.14102721533321916 0.2626436303008482 0.1952726482397187
33 0.709928380988112 0.21780790964846594 0.16786925358268853 0.11007512412475425
19 0.8124672788524627 0.4619233229692358 0.19955593495136162 0.18012231797482386
23 0.35367957589849003 0.4167570973902119 0.08442028277247442 0.12592305231846104
50 0.5871689427308179 0.4513174840253882 0.13603155823320195 0.0952884205307684
53 0.45456560736962154 0.44324051994077196 0.15737232594307407 0.08832862361062838
6 0.7608560033917352 0.4937886911815431 0.15246668441046735 0.08586883489202699