6 0.6418269230769231 0.47420410225885523 0.11778846153846154 0.06111960188386361
5 0.6298076923076923 0.5868351475925269 0.1875 0.1280518466408755
11 0.8100961538461539 0.575254082972067 0.09375 0.0820547694742839
9 0.47836538461538464 0.6413228572583285 0.31009615384615385 0.16767672269896286
3 0.7427884615384616 0.6057475522252438 0.15865384615384615 0.08153943236476462
28 0.8521634615384616 0.8108531166119085 0.13221153846153846 0.17211619363730352
39 0.4855769230769231 0.8939365377504331 0.17548076923076922 0.09885596889762437
28 0.9050480769230769 0.83282459406683 0.14423076923076922 0.20371591753440135
1 0.875 0.8980560535548553 0.2091346153846154 0.16233519580949718
51 0.47716346153846156 0.9483173076923077 0.21875 0.0985576923076923
2 0.6538461538461539 0.9495192307692307 0.15384615384615385 0.09615384615384616
48 0.3016826923076923 0.19387422366330226 0.2283653846153846 0.2326062925063919
23 0.8004807692307693 0.14588776539285048 0.09134615384615384 0.1252540554640952
33 0.6394230769230769 0.18206684978712795 0.16826923076923078 0.13470382686705798
53 0.4567307692307692 0.22963566193586063 0.18028846153846154 0.10380355076415554
19 0.7884615384615384 0.396739964572676 0.19471153846153846 0.1859539886714419
50 0.578125 0.4471101809888536 0.13221153846153846 0.10480850132961149
0 0.41225961538461536 0.48194745274736894 0.1971153846153846 0.10429316422009208
6 0.7680288461538461 0.4370108185629948 0.15625 0.10070025681611429