3 0.381597669208864 0.4324495332561671 0.11892136238716808 0.06970335817465421
47 0.7661561981803868 0.4888440672727826 0.1502552809685536 0.07578439040623436
33 0.6780442632409441 0.5825144701389335 0.14831298701232853 0.10212874887362748
31 0.5230591252539064 0.5852264259151464 0.1994231456034903 0.14024337490452318
2 0.3526797633656793 0.5753538978071491 0.16509795079855885 0.10041054729418246
53 0.32149605582508173 0.8480659546658232 0.17530076548364312 0.1344561903476866
9 0.6617512681132219 0.8966571647279717 0.22371336288610877 0.1556459440767444
50 0.8331458422845197 0.22908584896346856 0.17973082417509983 0.11301747341289993
8 0.6317892157857959 0.20486166077935916 0.10458220404547666 0.07392335513285975
19 0.44605758928707223 0.18000080263330587 0.2687570504487933 0.12144928704242688
51 0.5207480107424375 0.44239347821112907 0.24252453920994965 0.13239107633759867