33 0.3857830456406122 0.5841346153846154 0.15289989278033753 0.11057692307692307
11 0.5570437316657137 0.6009615384615384 0.07918956917374327 0.06490384615384616
19 0.7397780114367374 0.6021634615384616 0.2535256546121474 0.10096153846153846
0 0.7742942254483676 0.8677884615384616 0.18124238168189885 0.09615384615384616
39 0.4274001490834749 0.8810096153846154 0.15994354292701182 0.10576923076923077
1 0.5776558009047016 0.9158653846153846 0.22409189166396906 0.08413461538461539
28 0.7400832027053819 0.16346153846153846 0.09688646823667131 0.15865384615384615
6 0.3921703587842723 0.21634615384615385 0.2157890791558136 0.052884615384615384
3 0.5833181000937576 0.21754807692307693 0.14085012759942225 0.040865384615384616
50 0.37271068336466995 0.45072115384615385 0.14451313611474986 0.07692307692307693
53 0.5818452987492854 0.45072115384615385 0.2189484227265484 0.07451923076923077
27 0.7661172782269604 0.46153846153846156 0.18934677146350565 0.052884615384615384