8 0.38024039064177173 0.6122925958193876 0.14746309365294602 0.09110037762780338
51 0.7356219146547869 0.7100396233386888 0.2024046427607648 0.14589808019389522
31 0.5660262792057689 0.6696653944278395 0.17277489511529526 0.12431262005295014
10 0.36866602152809824 0.659584621926252 0.272658992102775 0.10611173054625858
2 0.5853365384615384 0.9435096153846154 0.31009615384615385 0.10817307692307693
39 0.47842662965816835 0.21511806621873253 0.21104053512700502 0.12264451562549238
47 0.7102549498103927 0.29674992986391285 0.1996620644631603 0.0785903878862029
23 0.7673493903490326 0.5232999426869124 0.08682412892632058 0.13167162424549872
11 0.584901955719011 0.502377284871182 0.09977796747568067 0.09679127739289448
48 0.7098305388720464 0.5439290576032023 0.3273066935358504 0.15369789465081196
1 0.4126086264414036 0.46901837017935666 0.24229053512700488 0.12519543077818304