8 0.5923998634434564 0.6330322000152271 0.1701487127298639 0.09042340569838923
16 0.8242399262413069 0.6413707894114483 0.14548034999809653 0.07714437254254683
28 0.42337475124225865 0.6274277397984311 0.12851722506322824 0.11940576140248829
48 0.4872145365807526 0.8566903185133701 0.2858908255918944 0.1947761889844945
47 0.8267714130374398 0.9196449213739849 0.15775154124464963 0.08258196604354467
2 0.6330728272948327 0.9261805613554386 0.25668717426832544 0.09495869429019056
39 0.41198197126031716 0.9389726663891882 0.1601553873984958 0.08270794628220611
53 0.7158490041047768 0.2059392417300732 0.1991208468146789 0.09433901471616907
3 0.9023309405762033 0.22268107104547183 0.17875625543595947 0.07169655742226445
6 0.4933042645160159 0.21398664457546096 0.27478412135114433 0.07433192081486456
22 0.5396140138456662 0.47670898827661223 0.3315843457535397 0.10607562015022509