19 0.6903124178763884 0.5422991691353191 0.28935875058408117 0.14515550567985833
31 0.3429266636973819 0.6508803558488133 0.1758184799505343 0.11980239386964933
48 0.6830718994056618 0.5952537127258785 0.282147212122543 0.1450715918327256
3 0.5384434495586531 0.923771152744479 0.1584880056111112 0.09797197950839048
33 0.3673507465834928 0.9437859599471352 0.14652472498215824 0.10023596925034894
22 0.7761734480972216 0.8801505968149002 0.23189024345288473 0.15409957951818035
23 0.40373023380940154 0.20678334353426828 0.08458422638493591 0.1235471774469925
50 0.2525386968092947 0.24939693329825333 0.18783771071976504 0.1199422502815373
53 0.521546670418002 0.20421082762084244 0.1925335027469019 0.11519050053860024
1 0.6627311718207797 0.17853604606329088 0.17274323211335485 0.09092826874111787
9 0.32674618205080086 0.46842580405671536 0.24105802694604714 0.1349806954169216
5 0.7195242575124462 0.4230011004137808 0.23641818505918813 0.1421362913137048
47 0.5055249947408116 0.4795630973657375 0.14082183043002144 0.06171848822405511