5 0.6034552606622635 0.6279462499361119 0.16821616601333142 0.06832144450123569
50 0.3680517938006618 0.6381672021040985 0.15158514138623722 0.07205081858193524
31 0.6196230715427352 0.6747746678166812 0.21584822743469745 0.11932523133713875
3 0.39354114162177467 0.6928233402902019 0.16350642293055356 0.07041719973308383
28 0.6442307692307693 0.9122596153846154 0.10096153846153846 0.17067307692307693
28 0.7367788461538461 0.9146634615384616 0.10336538461538461 0.1658653846153846
19 0.34975961538461536 0.9350961538461539 0.20432692307692307 0.125
47 0.5190737806980653 0.953930754990489 0.12224924141551109 0.058183042280716975
9 0.75 0.9819711538461539 0.23076923076923078 0.03125
39 0.5084134615384616 0.9819711538461539 0.18028846153846154 0.03125
1 0.3137019230769231 0.984375 0.2091346153846154 0.026442307692307692
48 0.3484720135131044 0.2018852666893839 0.28953079964871303 0.16240813362864598
33 0.800666495876417 0.2537593745492255 0.14814873822734717 0.10539657381378345
53 0.648489568997251 0.26208335666013743 0.1710118090668353 0.07809087457761918
6 0.451276235156952 0.25185547501206923 0.22831231985948527 0.07217258102620956
0 0.3714269519167681 0.49618623356617647 0.19303822135110854 0.08909266834199442
8 0.7136322065526445 0.5265511732969892 0.16600821830931414 0.072975091347929