53 0.7956730769230769 0.5652716948493111 0.16105769230769232 0.10699836829798984
31 0.5132211538461539 0.6041128344304585 0.15144230769230768 0.11851367811257596
5 0.7716346153846154 0.8237430356974611 0.17067307692307693 0.11711767386801925
2 0.44471153846153844 0.9238090404630707 0.21634615384615385 0.11229975994104262
6 0.859375 0.8840486031401749 0.22115384615384615 0.11976325887990341
48 0.6274038461538461 0.902215311555592 0.2980769230769231 0.14062154959398343
9 0.7932692307692307 0.14712844431874136 0.23317307692307693 0.11077777545782451
8 0.39783653846153844 0.19669834742465547 0.16826923076923078 0.08333784747551173
23 0.3762019230769231 0.43340909264952904 0.0673076923076923 0.11410436975943537
51 0.5829326923076923 0.43819979212466953 0.23557692307692307 0.11090375569648578
22 0.8209134615384616 0.42572774849721495 0.24519230769230768 0.09217690742036105
47 0.36658653846153844 0.4831918597580197 0.12740384615384615 0.05235002957211831