6 0.6254922782269604 0.4224879371752263 0.12212302331324583 0.06299073458840929
5 0.6123169259983332 0.5281335630945266 0.19094171045471542 0.1105732382656108
11 0.8044147579124452 0.5098003108299949 0.09162852073013447 0.08262275898003815
9 0.6864317031862457 0.546271714995597 0.3007097263690021 0.16317836093364071
31 0.44167438348694055 0.60893637474799 0.23264653664442106 0.1372304726410546
28 0.8443110061279502 0.7553938736831622 0.1315476442797025 0.1955103639719455
39 0.4733250584788481 0.859876789022346 0.17702229847623102 0.12407204242269397
28 0.8978252026933061 0.7700337196950314 0.14655833030480417 0.21326155981486258
22 0.6200588852267377 0.8878166540165247 0.23340203406130983 0.15886508802566995
27 0.4492751592733548 0.9300809044779499 0.16631563981422942 0.09220586057869823
1 0.8763470379565231 0.8448914819973287 0.2353861594279954 0.1469999027174382
48 0.2744925462761168 0.1679200849447703 0.21428574339965692 0.22959406349206402
33 0.6195131463046297 0.11328561548399761 0.12503053441168424 0.07756785697248521
23 0.7834211104262025 0.08109888602095378 0.09107144603979424 0.1353533289036547
51 0.6194024972743238 0.1446126382144971 0.28312730587519014 0.14046542732203268
53 0.43075781348195896 0.1928399219411069 0.15885226888039455 0.08453218573416289
19 0.7776442817186304 0.3296193126331014 0.19843561580023453 0.18780440611068572
50 0.5679525916436747 0.39605992858562483 0.14020910875165007 0.10012674512309434
0 0.39986651639515036 0.44658359512451273 0.2004731509126681 0.10878557395576052
6 0.7540827802518876 0.3793137130505135 0.15952382213985153 0.10376295496493212
3 0.4650641671000088 0.45083782921600246 0.15147284210399206 0.0792623570434737