10 0.7030404576640653 0.4812051750369377 0.12583918581385672 0.0488041518032925
50 0.5847572976982814 0.5898809166461979 0.16729200049894083 0.08269574580999016
39 0.5480011938019801 0.6185103003912223 0.23244760239694406 0.09749642226406671
9 0.7719784790166007 0.64384938253646 0.24164339410540017 0.07351390139686433
19 0.7898990734203515 0.9131570701902105 0.24998783341564518 0.13845970305415498
47 0.4484270417021193 0.9039596378989712 0.1481031905588645 0.08498771062131774
5 0.6787116346141173 0.18902598600211168 0.21334271103825322 0.10459607938308675
16 0.5224826142594636 0.189318873171073 0.13330248001955197 0.06326918422981379
28 0.40876420391820667 0.4218066768712249 0.1434213761232506 0.09217127874722691
31 0.8398918512705247 0.47238694498699646 0.17703326298640412 0.08996322494278776
8 0.5642528533935582 0.44794910481066386 0.094757022976628 0.058237729237084764