33 0.7204364403274632 0.5626446886058498 0.1870574038787762 0.139913042431115
2 0.383600344699179 0.6472464771714141 0.1712072762793538 0.09787031236064245
47 0.5971801708888844 0.640573861095501 0.18613401814702327 0.11347073473880716
53 0.4699519230769231 0.9254807692307693 0.18990384615384615 0.14423076923076922
9 0.8179486092566652 0.8767632410574714 0.23166974116692038 0.18190661725791749
8 0.6421587682690416 0.9058062142443887 0.1313492215531541 0.12338065408404666
5 0.6629960160568515 0.1710387657593593 0.17221460616853873 0.12671646620679608
48 0.5318032451515298 0.2001061182020287 0.32276406254077794 0.18215160001193645
11 0.746138568758124 0.1717988867415 0.10638737428293975 0.09497610396659234
3 0.29354010903677996 0.25779921935866795 0.17593102442961403 0.09585891469182545
50 0.4769382829896395 0.4595990114404038 0.16500306770700027 0.12612779347925213
31 0.3288346448499626 0.4896966403393167 0.14585624263366326 0.12696184569298088
19 0.7184981165783041 0.4455675895380246 0.3075854882008123 0.159339639172233