6 0.646918184146329 0.5302809145495199 0.1250448844690151 0.06437730587519028
5 0.5919419223736762 0.62437812884628 0.20981207967213214 0.14175063799711188
1 0.4610078139794676 0.5922009135757166 0.18999361509187634 0.12665600781457825
11 0.7192927037716228 0.6864355327250562 0.0970802736470911 0.08500459137062076
28 0.7211538461538461 0.9122596153846154 0.14423076923076922 0.17067307692307693
28 0.7620192307692307 0.9266826923076923 0.14903846153846154 0.14182692307692307
39 0.5637019230769231 0.9302884615384616 0.23798076923076922 0.1346153846153846
51 0.3057923625018082 0.8772321792495712 0.20617977806341323 0.17042890352840182
48 0.42220964200031624 0.14076623439138997 0.24208645639029178 0.22689258327091233
8 0.5860323548401206 0.24370429009139288 0.10380206598405742 0.07323719307368612
47 0.743382238548687 0.3056090728611471 0.1488874475576475 0.060409055141818775
19 0.8266189503353037 0.5221536494338495 0.19695619034768633 0.1797085115140578
23 0.36621508517024276 0.41606002875252235 0.0942315658376879 0.1329136261326795
50 0.6079444573257107 0.48691247241701485 0.15364207510944075 0.11818530699155862
53 0.47109868277180134 0.45692924290671744 0.17007720128670584 0.10915753147819848
6 0.772358955658444 0.5454633184282961 0.15536027668888563 0.10144232807206749