3 0.36317993646866864 0.40942725540137614 0.13307864821524426 0.08221967598761801
31 0.3406659098197867 0.5418369517347892 0.164916045145174 0.1345205504518242
8 0.5190120513636326 0.5711398142521479 0.15244927385790158 0.09535897151588693
9 0.729922001113912 0.6081679521040144 0.21785660309454477 0.14240842084687125
0 0.5088537529378268 0.8351310126201406 0.09707689847230719 0.0849272468721136
0 0.6439726206360082 0.8705597900761042 0.14314157334867053 0.12124124682867542
27 0.2669455447289458 0.8215575953863264 0.08477795487930037 0.06018874485925352
27 0.4320705324266379 0.8516305024255237 0.15272898668167764 0.11939743305434848
50 0.5009938225897191 0.15965024338937125 0.16709612103999932 0.11542978931593478
53 0.6769780749032852 0.19269888323237896 0.1814912266806985 0.11386599173136726
19 0.48099636928950784 0.40497070490611364 0.3260576512999992 0.15111263127030716