2 0.7904600643070764 0.5458280263595092 0.22283221778155932 0.101301259059402
33 0.3654618269192747 0.5635690822995729 0.17306475649256825 0.14099169072895307
48 0.5129356281177466 0.6150589639334406 0.28372559815087695 0.1483730894894233
19 0.7530204451753348 0.672308695198772 0.2621329420569545 0.15027338438076945
31 0.5211359396793809 0.878364042990011 0.21633398726179903 0.14199879325395307
23 0.6565275711725829 0.9259684046917207 0.0836189373119467 0.11007538169252157
39 0.32277667269638033 0.8713443102632481 0.19486720903995491 0.1511106266068378
51 0.6141826923076923 0.9290865384615384 0.37740384615384615 0.13701923076923078
50 0.826730906591596 0.28355802489807763 0.16033221778155932 0.09984655541217961
27 0.4445883903582742 0.20978608151020334 0.14300178321632237 0.07060875058408132
3 0.6400342164069373 0.2563853505650112 0.1502552809685536 0.07318044715876076
53 0.5824914960008686 0.4701028527571586 0.1798147427564856 0.11471723345747865
8 0.42101421078624796 0.4423157318200858 0.1553986476017886 0.0925231166700856