10 0.4089823391770343 0.5041457804721475 0.13814283129789692 0.06965741258649089
39 0.5445902332727819 0.5895993837447729 0.18911729986402676 0.125785059938809
51 0.8321171415636458 0.5208203864940173 0.22175308248929929 0.15277283841012343
31 0.6523853694798754 0.5804996772020571 0.19405097241038022 0.1282728246740408
8 0.47961317538032094 0.6352453977303261 0.15432963156223012 0.1035630144844941
50 0.6801572408913928 0.8579131318724773 0.18759531538080848 0.14257002372503919
19 0.8617788461538461 0.8245192307692307 0.27163461538461536 0.1875
47 0.6220513464143724 0.16237730395025124 0.15737360052866642 0.06999308691203346
23 0.7578277676295435 0.34286674888118535 0.09549328010268791 0.12655249375563477
11 0.5875172989935238 0.42162995130256936 0.10587476776932356 0.09551229020909893
48 0.7206209207449745 0.3904340771776171 0.32524444734334507 0.1569809340637613