9 0.7734443244220356 0.5479747765997177 0.2381364398091857 0.15623363942623122
31 0.35807636800278747 0.62833635530783 0.21165217282618526 0.15275235179832636
6 0.5593071166294327 0.5969006286621822 0.24977803696218112 0.13508877016618825
1 0.8745703465229823 0.8367485148270648 0.2072640734254213 0.17659491488695878
50 0.24829729520357713 0.18787543632588916 0.18731999625287388 0.13494593647225867
8 0.4988068899840685 0.15844766879098746 0.1143234665329398 0.08152669049405599
47 0.7075009328164091 0.14172886674315985 0.15734094155801379 0.06886669961943917
23 0.741430244128573 0.36530900128535965 0.11064867507395403 0.14623463819807328
53 0.5189005544428551 0.41509395413754674 0.17504900973948606 0.12003311342460954
39 0.3622668375344421 0.45555327990565037 0.19423781967956252 0.11841286107007895
27 0.709544771476003 0.3964386098259377 0.22531998251679125 0.11007081637858217