9 0.8180982248494029 0.6096522101683866 0.25135015906280356 0.14792417548343195
5 0.45637867308990876 0.6391989382116603 0.2028253922498441 0.13522788164806807
39 0.6244239819911215 0.6451744281738948 0.1896865521405234 0.1104191928046118
28 0.7939643720136703 0.8633511436380178 0.13144106763286564 0.1977601646647929
47 0.8930288461538461 0.9543269230769231 0.14182692307692307 0.08653846153846154
8 0.7320370760952012 0.20269470649118512 0.10135671565791754 0.06641201774711103
6 0.5118085646106031 0.23411857827185864 0.25414255455833346 0.10496303563619905
51 0.7428709534242468 0.4610311452991471 0.07228663994374565 0.05975577990743129
51 0.8564938410618941 0.45632907392736677 0.1489331284591478 0.11020426612147584
50 0.4268244785878296 0.4935047371014009 0.1659839734040888 0.11609027665616076
19 0.6314016568025992 0.48624293170911936 0.28617628109639637 0.1237925497061085