33 0.3507011633926969 0.5842986380611707 0.16173608576644158 0.12233487220072967
11 0.5279140131732583 0.6038976286612914 0.08257379016318439 0.07201971618238232
19 0.7191317433380365 0.6070543924712961 0.26716943373364543 0.11820090403364958
0 0.736304312850077 0.8843710099063476 0.18991047400854144 0.1087511326306867
39 0.376033625378005 0.8931450346139003 0.16883566329397104 0.12014086038514193
1 0.5295142492249558 0.9313103190403047 0.23742759241541941 0.09813079744984612
28 0.7475598787942827 0.15173538065570852 0.10387915060046773 0.168663175792165
6 0.38292602882320664 0.20250676827614927 0.22624475472390854 0.06419717217832205
3 0.5801533743726004 0.2058383940347029 0.14635802697694048 0.049869763688247505
50 0.34752353248283047 0.4457977050973388 0.15295709422877699 0.08847119170862495
53 0.5640376277299979 0.44848696601432536 0.22976821021784488 0.08830557849620309
27 0.7547515336917355 0.462461037516638 0.19980244703160083 0.06342777960470745