6 0.6565037472141463 0.4477906655148524 0.11695206846074167 0.037683165710586324
5 0.6281680454257282 0.563148576026594 0.1774433995032746 0.09979397933511026
11 0.8016928122386874 0.5667199813068684 0.10180455939395362 0.07315324891625402
9 0.4646801736943613 0.5941391354260764 0.30551901126117476 0.11866609660208766
3 0.7357846316061077 0.5991184946380437 0.15379348730649683 0.05576925114899071
28 0.8157405955294708 0.8166360371494363 0.10309542406240488 0.15239622783574502
39 0.438086494237778 0.8502899342526822 0.14803744098707566 0.08676741867669445
28 0.861947143852764 0.852342685621558 0.11701799070978872 0.19368133323828993
1 0.8344741684118946 0.9086804491279208 0.21724846917292132 0.1299832397001775
51 0.41271112934590354 0.925816494911098 0.21462070115105697 0.12509160323505325
2 0.5959072612412518 0.930254046638567 0.15295709422877699 0.08933915314540478
48 0.34892985016159056 0.12505718833515853 0.2087000273579696 0.20408274968224777
33 0.6933252824958162 0.15275860743954783 0.1631322835142067 0.10169416054436382
19 0.8163002220505635 0.3892398195035712 0.17303088439196138 0.1596383007089677
23 0.3446721988908528 0.4213598464389761 0.06591812241462236 0.12709860393580216
50 0.5922683527370066 0.41271359822347126 0.12617890373444224 0.08120422895211322
0 0.4549428863629249 0.43677115650658543 0.16704428834982685 0.08263127962845883
6 0.7787080377912686 0.43509605194735446 0.138198134503673 0.0816239497392738