23 0.4026442307692308 0.5836232187487067 0.08653846153846154 0.14787828180280385
9 0.7055288461538461 0.6525876939773549 0.2403846153846154 0.16104009902488223
3 0.28125 0.6317753918331953 0.14423076923076922 0.08700867479954483
22 0.6177884615384616 0.9255500224291293 0.20192307692307693 0.07181214471936287
50 0.38100961538461536 0.16806875073786923 0.17548076923076922 0.13246311844201022
8 0.5949519230769231 0.2035892164518778 0.10336538461538461 0.0817472425806994
27 0.8257211538461539 0.24153879831106773 0.17307692307692307 0.09142964052868449
5 0.36177884615384615 0.4085961894290906 0.16826923076923078 0.09109345393280226
53 0.5324519230769231 0.4579596421983472 0.17067307692307693 0.12251154723074337
39 0.7283653846153846 0.4911350384161451 0.19230769230769232 0.12402438691221353
51 0.3485576923076923 0.45639570256776685 0.3293269230769231 0.14802878181793488