8 0.4357294626669056 0.6278240628153235 0.10074024040092656 0.0642203309184059
39 0.7929524489853557 0.6143815696858996 0.2096688147408924 0.08774311438419875
47 0.5988971965774318 0.6333842925866725 0.1537087999429739 0.06754728146749454
16 0.39531428230096605 0.9252235539489839 0.12313035320243074 0.0862325799192569
9 0.775709583710683 0.9017670629425935 0.1788385355280527 0.0992168743744229
6 0.5620038412848294 0.9331246909381399 0.1260378643008694 0.10069761613302684
5 0.5815971939170003 0.2000565122417949 0.21738401814702327 0.10229206917935421
19 0.3911896828185615 0.21779437312960548 0.24547467457628833 0.08116096528305282
31 0.7920596486146868 0.192779305075403 0.18554640904499864 0.08491967532342438
53 0.40877588190178415 0.4709385901627536 0.15404457657270237 0.07716266608287917
11 0.7614010363061221 0.45157040023010003 0.09618438056553039 0.07134795079855885