33 0.34804999889832516 0.5869636578446863 0.1746712861724467 0.15013421577190422
48 0.5062702901753184 0.6362453428150855 0.2899719877099294 0.15166600064548147
19 0.7557108645277661 0.7032661331180925 0.2659894687362231 0.1546521672583579
31 0.5125570921877677 0.9230316454007041 0.2201485641188803 0.13676819151513114
0 0.6875 0.9519230769230769 0.1875 0.09134615384615384
39 0.33231058757287263 0.9057644334588169 0.20105765129999917 0.14733020172850922
51 0.7620192307692307 0.9951923076923077 0.15384615384615385 0.004807692307692308
51 0.6201923076923077 0.9783653846153846 0.12980769230769232 0.038461538461538464
6 0.43660407689860253 0.21353130546884902 0.2293443794986009 0.10143910948536504
3 0.6321399261249663 0.2608286629585205 0.15460137847034944 0.07656161060066694
50 0.36529733327622643 0.44872457262323956 0.16955590975860074 0.12332760294063323
53 0.5812379035279049 0.49997407310735054 0.23691954463104814 0.1332355671938098
27 0.7706662378813317 0.5552295107117795 0.20290207180629322 0.09943543122106774