47 0.35542657850155474 0.48020837748947964 0.13699552222834066 0.045566257431581485
31 0.48070547311608386 0.6129274104344211 0.14770726306187335 0.10591424375003146
53 0.6380755378751221 0.6376145498982759 0.16892185416184938 0.09945820270538192
5 0.7304932178233033 0.8651443224781503 0.16892185416184938 0.09945820270538192
2 0.42029149711837444 0.9142857637794168 0.21048727925163283 0.11290448415095802
48 0.5841346153846154 0.921875 0.2980769230769231 0.15144230769230768
6 0.8052884615384616 0.9411057692307693 0.21153846153846154 0.11298076923076923
9 0.7693222386686382 0.23437510189879934 0.21884259101309966 0.09160564539607098
50 0.380821068632725 0.21601042816582516 0.17797720639771492 0.09017859471972557
23 0.3683214206513993 0.4338790145127883 0.06385266386701743 0.10778389054760086
51 0.537208833577144 0.4709631334543183 0.22096642097718608 0.0868818972458109
39 0.7612565542169154 0.48718340163396373 0.1750133278643497 0.08047926594690881