9 0.4722220075301824 0.5808760095012064 0.2020156679361766 0.0910180362940465
9 0.8346308901109876 0.5790597214999853 0.17375325501043193 0.05884465056229342
19 0.7089986105335677 0.8207073287848925 0.1988880727670414 0.11969630182533618
53 0.853041954587677 0.8951654907307545 0.1631341051899988 0.08246339131359466
39 0.8101876232840228 0.1800632320402398 0.1621540485258405 0.06563646823667152
16 0.450170732586619 0.2022702402704373 0.15692633193350886 0.05825704146026895
47 0.6798080443263665 0.19545549631259615 0.1584901295180763 0.043917908694624044
28 0.7656097810038637 0.3658881784304085 0.11727360309026179 0.16002748708444378
33 0.8269541534334904 0.4058988542656301 0.16439417804391654 0.10409800669821004
22 0.4749888497669034 0.4422771069466083 0.20500325501043193 0.05993592460891069
27 0.6793157728438265 0.43514185356488105 0.13755555460785976 0.0551816420469661