9 0.7290796722313563 0.601634116134372 0.22400730330801283 0.13418633580298034
53 0.5337257120956725 0.5878630440467947 0.16838314092788473 0.11686571339069665
3 0.341725745559508 0.5847203092935334 0.14339352700470087 0.07474052638870067
48 0.7185650656153305 0.847078384304002 0.18549182458429506 0.23300621020727902
31 0.5849278035157577 0.8636856721650807 0.15692341156143177 0.14027427373585238
50 0.4151909681149037 0.16191067912285892 0.18291811813151726 0.122429287130356
8 0.6197966369541665 0.19080283025579153 0.0903410611992522 0.06475742267661662
27 0.8339337651983972 0.2227968296648488 0.13841798427617527 0.06727702744983975
23 0.7529543031051813 0.4011070434558519 0.07390578910427364 0.08070248408291156
5 0.4014342681799142 0.3919189176504807 0.19694954407264967 0.10635824548539984
19 0.7770477098448715 0.44906309710375597 0.19258945288717982 0.12533705423884675
51 0.3946973009716877 0.4234838682471335 0.2862275526066239 0.12544259123893953
6 0.618729564532692 0.44295471593231545 0.20645302840747867 0.10205447413235219