1 0.42861916745932144 0.5882028630804715 0.16631985620611572 0.12518499138603476
9 0.764350883117239 0.6735271477998237 0.24402665966725579 0.14784079668636815
53 0.5684077743816014 0.6323304819795084 0.1784510479093555 0.12849960038728897
11 0.33199114429961074 0.5964506840164677 0.1048801711518539 0.09178502330284156
33 0.7487980769230769 0.9350961538461539 0.18028846153846154 0.125
39 0.4038168629468824 0.8785576527379971 0.2545903982943696 0.11750155953377608
50 0.33413461538461536 0.921875 0.21153846153846154 0.15144230769230768
8 0.5824684570838705 0.21420754102917344 0.10146867659192657 0.0699682553487446
27 0.8611499834563585 0.28323200959647765 0.14278190494334725 0.08268023364531601
47 0.41157145829277564 0.19646701628828928 0.14876187313078665 0.05678438366145301
23 0.7849942415835589 0.47388097799526635 0.0984523592283783 0.10806548867131988
19 0.4345628605948895 0.4329547022126202 0.3023907329636176 0.166635535277003
51 0.6267059254289159 0.49542167827858774 0.12617890373444224 0.08621285796663723
6 0.7948928424613138 0.5321197433960188 0.26420578290975416 0.11823016981170244