3 0.706799167704437 0.4537275571427043 0.12381297327624588 0.07613653063325752
9 0.787001152593732 0.5768122995145765 0.2188637112877237 0.15556899071027339
6 0.5897957661047843 0.6301208529019541 0.2329930731759508 0.1394979490653173
1 0.8804540840355191 0.8398870298835008 0.20224658466426496 0.16670635980887602
11 0.7483623401538816 0.9086162804839605 0.10740564310625117 0.09929313050109091
39 0.3323628883599759 0.2599847641157095 0.20157523601317953 0.12824482134733756
8 0.5155228315420821 0.2275549446809802 0.09741262487463108 0.07715459416183088
27 0.7251670417071889 0.19891475402536993 0.15278500499447828 0.0848598319587298
5 0.39368467469721347 0.47094098215126945 0.18196683316617468 0.10560236405343286
53 0.5579914822647859 0.45913793619186644 0.15569236263663827 0.11383196604354481
51 0.40740934003168133 0.5004800273100597 0.29334098276626175 0.15707053195492302