22 0.42948640853923187 0.6139042059119219 0.19755206598405742 0.07651101521353737
9 0.8024253846725862 0.6353290118523567 0.21938257981850165 0.0820742049381186
2 0.6660489055260382 0.9114164461702834 0.22075386896730392 0.11572805109196474
19 0.43417570090479884 0.9057196811319332 0.22124361509187634 0.12774728186119524
10 0.8204337801092216 0.9300100260920908 0.1357377105584584 0.09115539019722646
23 0.8380709364722587 0.21409886023893954 0.07642515051162053 0.10828755549219338
50 0.40451952799022844 0.20736040136090955 0.16159232290127953 0.07765569900590229
11 0.7488082487272579 0.23258556971985167 0.09139103831516894 0.06320208767114106
8 0.5903013264107835 0.23065102456010322 0.10311642140965642 0.05641026999676303
9 0.8110959897036604 0.4652015719525883 0.21305258438119332 0.10345698785043758
16 0.4413444535234677 0.46309147940035483 0.16571437063457084 0.06099666424384345