6 0.62491324583485 0.46788878470349243 0.11625625543595948 0.06381465027174758
5 0.6459332924550859 0.5487113293223035 0.17710829071408002 0.07893700925426472
50 0.4104346919264196 0.6133197928805567 0.18026801829989317 0.09338805745971926
11 0.795795736354487 0.5576710729324424 0.08791402254445001 0.0730943794986009
31 0.6725118020053389 0.5923162154800655 0.2380760846115777 0.1421083200313273
47 0.4339164640101902 0.6701178616020951 0.17963811710658734 0.08136882669048837
3 0.5796471140819837 0.8726571488027932 0.13484690185413856 0.0976642954022368
39 0.4490256610326358 0.9096222236571297 0.174820203179611 0.12695798976643255
22 0.8319930809261412 0.8996465806320925 0.2008845701559352 0.12005413541104779
27 0.4182692307692308 0.9627403846153846 0.18269230769230768 0.06971153846153846
48 0.275029310615199 0.1908145969617465 0.23274402811067257 0.22372720413258607
33 0.6270565702957153 0.1516151877784576 0.13358709946752695 0.0736258338637754
23 0.8003173529209879 0.12717282677614883 0.0958712208186714 0.13324647590950991
51 0.6314914326970661 0.18173319290747852 0.2785635285109791 0.13537229337020812
53 0.4395719027246414 0.21798500006118599 0.1850757106075855 0.09344400002447437
19 0.785950494903974 0.37836076421188314 0.21883509376152468 0.18752965541300567
0 0.3790910369492365 0.4770549446702073 0.18216794349909465 0.08380064412671227
8 0.4099630962332531 0.4846301098026546 0.16534102042217158 0.08360484515006893
6 0.7470582472264057 0.4320277334377574 0.15395169084624663 0.09548421950741161