47 0.5588942307692307 0.6172947537702833 0.14423076923076922 0.08100520001957971
28 0.5576923076923077 0.8300491240268566 0.12740384615384615 0.17455940104293624
23 0.22235576923076922 0.7978934256108405 0.07932692307692307 0.11871151385692258
2 0.49038461538461536 0.9125630891641988 0.2932692307692308 0.140431727219299
39 0.23798076923076922 0.8866539199676938 0.20673076923076922 0.16586706874601267
5 0.5360576923076923 0.16683932710671665 0.22355769230769232 0.12760132926111747
0 0.6610576923076923 0.20264443580769645 0.11778846153846154 0.09271674668265667
53 0.7896634615384616 0.22879220296972522 0.19951923076923078 0.10809084720657218
50 0.375 0.398280710718324 0.15384615384615385 0.10996323899524377
27 0.6911057692307693 0.47272748708566864 0.21634615384615385 0.09386356926013853
6 0.5288461538461539 0.44096170249231104 0.22115384615384615 0.113150281055663