53 0.5888748738799363 0.6177884615384616 0.1876877181629446 0.12259615384615384
9 0.7991359053510679 0.6454326923076923 0.24307412892632058 0.125
3 0.3915635908147228 0.6129807692307693 0.15178103983606606 0.0673076923076923
48 0.81633826475388 0.890625 0.20342901947892444 0.21394230769230768
31 0.6670283977751826 0.9134615384615384 0.16875079660691866 0.12980769230769232
8 0.6502015818071084 0.20552884615384615 0.09870052600162182 0.0625
27 0.8824890255625131 0.24278846153846154 0.1416759090961093 0.055288461538461536
23 0.8053802219937883 0.44471153846153844 0.08113489359439814 0.10336538461538461
5 0.4330064989754131 0.4206730769230769 0.19941310125743195 0.11538461538461539
19 0.8501186911367358 0.4807692307692308 0.1869041243636289 0.10336538461538461
6 0.6647776642282959 0.47475961538461536 0.2151625828602962 0.0889423076923077
51 0.4353348381388523 0.4483173076923077 0.27844617665961174 0.10817307692307693