50 0.35780714782876866 0.6239293333070186 0.16179313050109093 0.10667826667719255
9 0.751082843650295 0.5940055201839761 0.21821541418750293 0.12863454092154816
6 0.533733958704494 0.637324500395708 0.2581989371322594 0.11204536569747685
22 0.7551381049320369 0.9063866462575503 0.22061926034134907 0.12864852608936309
8 0.5371166423134024 0.20594599712284178 0.09702548620518997 0.06304542154477707
39 0.3334928321683999 0.23957267429620777 0.19190930835314043 0.08522545847416953
27 0.7678177721536605 0.18297579821191334 0.16218129283635874 0.06823071338346888
5 0.360805119508426 0.45208929622655564 0.18469776989160197 0.08518350297072502
23 0.7318741780617197 0.41027911142852286 0.08878566259579383 0.13509088032108763
53 0.5397026876119727 0.4546531704551225 0.16394501617761476 0.10188455953731503
51 0.3729605521356021 0.49527461598889755 0.3091836273176733 0.12195443883697211