47 0.4786919534376653 0.4813187482807494 0.17974565065798992 0.05188494457305136
19 0.6239593698169206 0.5790713629646157 0.2806541243636289 0.11301896272007447
31 0.3177669230197215 0.6201351193571493 0.2208518181922185 0.11813189724581062
48 0.5994576945318365 0.6191392780843956 0.31219797203837235 0.1213217752282302
33 0.22344967838744562 0.9261752487736891 0.14383079204422713 0.11304183805413769
3 0.40859480684605665 0.9314370258190365 0.1641920675049547 0.0825473354710266
22 0.6491753206805009 0.9350237492545528 0.23306694741127826 0.12335931034066351
23 0.39713663193951415 0.17876607998705196 0.07691489663619268 0.12030678626142408
50 0.22702880813141638 0.1884730168880899 0.18371668441046726 0.09043042719202184
53 0.5155393212054121 0.19734439270301712 0.18641437823905677 0.09772590981099238
1 0.6572682950574207 0.2047009441453564 0.14957309213204878 0.07723597821874192
8 0.6375151656633906 0.4531632444387049 0.10139821983021126 0.07315324891625402