19 0.6736199405562519 0.5382538480223396 0.2602587023348653 0.1151085264717488
31 0.31142853195186926 0.6028524363115301 0.16889856332089656 0.11111022727157514
48 0.651747577318785 0.5787415990214887 0.2843391193767711 0.12273965784021548
33 0.3337258400973886 0.9025508753723046 0.16660659850956883 0.13029903721165134
3 0.5068517112616635 0.8971584827637268 0.14472025010428716 0.08665217282618524
23 0.41130163138930176 0.171859479892282 0.0775524094747427 0.1095157742252475
50 0.25007611706783195 0.1978943612620162 0.1808478682510534 0.09930079295580849
53 0.5254493607774571 0.17986216158480683 0.18325171440489954 0.0993427522465013
1 0.6612946388053944 0.17742516920125947 0.13506290998545806 0.07927279720187543
5 0.7043462981183464 0.4221918006944615 0.22192303038366007 0.1360717932052789
47 0.4890342453353381 0.447282598023607 0.13973075061500248 0.0553182542447996