1 0.3838210283219547 0.5859528648151203 0.16877479190982925 0.13175849651909688
9 0.7157466181046469 0.6156561279337 0.22635519932158132 0.1293015856093514
53 0.5118393210798071 0.605952965897582 0.1635754486201924 0.11473567499234495
11 0.2824118887381939 0.6092975014922963 0.09811210106356846 0.08805258438119332
33 0.6853018655043795 0.8918760047982291 0.16905454261121816 0.14377772728832766
39 0.35541644596372785 0.877699792454735 0.2568778474979702 0.09932492553323923
50 0.278688189592574 0.9240544238087709 0.18280621785096166 0.11551926879166065
8 0.5742914104519229 0.19274039064177176 0.09526065378750012 0.06872386592550966
27 0.8031593413907584 0.21343431658551887 0.14311377630331196 0.06106746580841401
23 0.7277698686300744 0.40863151102818746 0.06423445434861136 0.07706591061700643
19 0.749543354426335 0.4533740703145771 0.2406663759641029 0.1250815886511458
5 0.37887647548071546 0.4372572255638593 0.20941637596410262 0.12380824872725796
51 0.577696329496474 0.45917551681903707 0.0977764002219019 0.07362950745811639