5 0.37483722469761854 0.6207554621811414 0.17665556309062871 0.10811183188029333
6 0.7824429898276186 0.6505790096502942 0.18604717744699265 0.08927285954918154
33 0.6675215847328618 0.892173728398717 0.14811709335062856 0.1333787488736276
27 0.37815182165936506 0.9056112314119106 0.15720102360083865 0.0880974688502084
1 0.5343738503769875 0.9095740848775036 0.20326569847720213 0.12361235027742896
48 0.7270952174631456 0.23025284515786007 0.26545801437104843 0.099716722432897
53 0.3834291313102784 0.2234576444566324 0.20049822565244704 0.0922644010525146
19 0.5338233579787398 0.24280062485993928 0.1640489353914682 0.05714131652495169
39 0.7240086010869902 0.481209895172497 0.1208636184693703 0.06258976893803017
8 0.6291266062160111 0.4833505161729917 0.15700522462419558 0.07127054577328533
22 0.3984692605762908 0.4835627751965893 0.19538284923860105 0.065626194910378