3 0.381200017860414 0.470175621645797 0.1302412325099511 0.08283768566317426
47 0.7964438638631895 0.5965080790527323 0.16395101933505637 0.09460970673254437
33 0.6996335161771974 0.6840192378822747 0.16171499519498767 0.12330181511769922
31 0.5312873669849852 0.6600149017661938 0.2196310655723322 0.1654604446432127
2 0.3460303837089613 0.6205091705000435 0.18091779409012732 0.1197264864979984
53 0.30446035082922823 0.90980365989437 0.19314680237658016 0.15655440611068572
9 0.6730769230769231 0.9627403846153846 0.25 0.06971153846153846
50 0.8777752544560877 0.3265822628418116 0.19784261334175404 0.13763172780191438
8 0.6599614593445295 0.26696807169832926 0.11584612592250373 0.08672110520487294
19 0.45896759472598725 0.20723027570491642 0.2916485540130132 0.15325488539625823
51 0.5315802541539466 0.5038419244966933 0.2628583408381186 0.16102172447965535