3 0.3981518568962837 0.4899759906011312 0.1599126248746311 0.0822823850413156
6 0.56180221216594 0.4896337742567525 0.12351925824139606 0.06074093389556213
5 0.5381325711827222 0.6048339035693003 0.201449358141101 0.1233626963398363
11 0.7414044287001471 0.6094372834852505 0.10006822677263418 0.0928543254394188
9 0.3833633129413261 0.6478596094499826 0.324758819929033 0.17208439946616766
22 0.6781072021769833 0.6511051784223546 0.27559095529409644 0.10650349024618869
28 0.7547548139417426 0.8786214705965888 0.13050883366511565 0.18604902481755986
39 0.3629339741569969 0.9220986985688739 0.17496509115810055 0.11926435011500167
51 0.5217976167643072 0.9202464682255742 0.1700315209783297 0.11174472073146546
28 0.8088942307692307 0.9002403846153846 0.14182692307692307 0.19471153846153846
1 0.7728365384615384 0.9459134615384616 0.25240384615384615 0.10336538461538461
2 0.49158653846153844 0.9747596153846154 0.1658653846153846 0.04567307692307692
27 0.3233173076923077 0.9711538461538461 0.18509615384615385 0.052884615384615384
48 0.2332901417341638 0.14610607056251304 0.22505606018827942 0.23772987471959622
23 0.7696415490767059 0.16363128528835705 0.08640041708202818 0.13519928344265575
33 0.5961450330928546 0.1765784736348938 0.16062593281640913 0.12314776965670028
53 0.39106284278346054 0.20675384021921334 0.19381822677263416 0.09886209841837804
19 0.7421265497029168 0.4301966995627131 0.2003882092894254 0.20013172780191438
50 0.5034534521757159 0.45460966046227813 0.15548256618317424 0.10360890950393326
0 0.32285029595705816 0.4610850970412025 0.19390214535401995 0.10366979072607034
6 0.6993249544234845 0.46956821168753915 0.1626941046447127 0.10407104588692999