6 0.8159494205645228 0.4628482880994954 0.2980295059951429 0.10052431547264185
1 0.46449673219567467 0.6011856771729551 0.19265659096966134 0.1416691928046118
9 0.821164161311179 0.6145216639833014 0.24003347357218546 0.1327308712553603
53 0.6077237362213954 0.6161354565124783 0.18672883390293088 0.12213033265184482
33 0.8097608695480011 0.8951393406309435 0.17456959503882039 0.11895625919300393
39 0.5233531570031095 0.9074611351052038 0.17613339262338784 0.10468722773092601
11 0.6374539909929169 0.919451767669022 0.10007407281047985 0.07346951074765055
5 0.3865439383761983 0.9198474956129133 0.19139651811574332 0.1200345774199964
22 0.6787975496699356 0.9457561714086931 0.27784238864110533 0.041753689553341536
48 0.400845590926223 0.15044838181843895 0.3015297083671371 0.16062046931879564
27 0.8713919876187699 0.1926789470000262 0.14717093922324437 0.0597234968907066
47 0.6230957932982173 0.19652639871368782 0.14222323882067217 0.05701155981486251
23 0.3855683680129616 0.4059797193116951 0.08053957884906077 0.10814079390635224
8 0.42174235987464365 0.4470923136269405 0.1437633278643497 0.08345386750717027