16 0.4455696876955551 0.5805875196423408 0.15083485823100842 0.07638201615997463
8 0.7578359670123453 0.6088242584818395 0.11181328738995087 0.06564751507387794
10 0.619894829355951 0.6176537756061535 0.1381155869873787 0.06401306149364644
23 0.8447685011440953 0.9024689368017506 0.08901119016451713 0.12737812250026329
9 0.6577003796991795 0.8946685033606089 0.29956959503882036 0.11670634001225721
1 0.3989368979235186 0.8961779517635906 0.21853886628244995 0.12634744828122443
28 0.8388356192583022 0.15979825425920977 0.13393680953141504 0.19827872221193343
11 0.43957529130707595 0.18827098310948115 0.09809025094127276 0.07724707716659165
39 0.6222557447289387 0.20342284457100052 0.19212026713103222 0.08478261587164486
31 0.6320207485591873 0.4330950694324374 0.1471472306823544 0.09547289583190487
53 0.4701930117296562 0.4245602158073908 0.21048727925163283 0.11171453701988909