9 0.7331889927246256 0.6538102350921873 0.21450381897318385 0.13725640834663913
2 0.5012737890187495 0.6406021588064714 0.29047574351153843 0.09997377361954289
10 0.3295946145097217 0.6241834904863656 0.12662255406805561 0.07553350703000697
5 0.5049864338348283 0.8946557717732766 0.20757203121303427 0.14893975631384285
9 0.6798797265926808 0.9280693045713192 0.22641114946185928 0.1330085207089919
22 0.34638853782125995 0.8848625039748358 0.19258945288717955 0.12422952917132718
23 0.3996219182551815 0.20029982152889853 0.0744093403667735 0.10191652032796264
33 0.7615676098908117 0.2616770764104131 0.2044967833758547 0.11998164153367998
8 0.5321681526193374 0.24377326875101404 0.09995644581463682 0.06468655214052334
16 0.7875623164608972 0.28213941591528147 0.16737603840288473 0.07262915060046794
48 0.3690382952432689 0.42869153941411164 0.21070322919049153 0.18030171724785185
19 0.7604166122589207 0.5179106136630465 0.24005092442104717 0.1000264401591999