6 0.3194704498088053 0.455578164247876 0.20003184606696964 0.10155055317770753
33 0.4564326523762717 0.6086326609945683 0.15603886628244995 0.12800308248929954
5 0.6740044378402388 0.6610252374474488 0.20213196749016596 0.13760824548539985
27 0.6024050332482843 0.938175768881319 0.06530016189759526 0.05135240928211333
0 0.4898442883021543 0.9250431592027062 0.12959655859014227 0.12661729986402676
53 0.28853939353559127 0.8831478290358384 0.20355575697985395 0.12090730264713792
27 0.6875 0.9591346153846154 0.11057692307692307 0.07692307692307693
0 0.625 0.9675480769230769 0.11057692307692307 0.06009615384615385
9 0.7975072795774197 0.27929717670198656 0.23762962741833932 0.12988256444993254
3 0.37942435240961864 0.21277948109013026 0.14546713354379703 0.06993283408100823
47 0.5362580933300277 0.25234417684176663 0.15239865581557602 0.06550308248929941
50 0.3570682311601751 0.4310255601354856 0.14007570031569555 0.10080489336502488
8 0.4919873405062093 0.4742641260468639 0.12212871247973431 0.0806922624636275
11 0.767963328407328 0.5381566798854043 0.09342256672846033 0.08158434575353969