9 0.7423803849305965 0.5814860032773319 0.2568296169745497 0.15682133477571808
8 0.360303826745548 0.5223937754321267 0.13920578290975405 0.10404284890290136
39 0.5449554507830133 0.5570169420309363 0.18051901126117487 0.11532337034183165
28 0.556207524650919 0.7986034804924748 0.1527398002154541 0.18856926118717446
0 0.6886199656379947 0.8750939661903211 0.21333646433730089 0.1502505564195655
1 0.48440500349508053 0.8858234964618953 0.2539779270846675 0.14710800093541876
28 0.8252569186223322 0.13737034045216445 0.1505598759296261 0.19327900426995248
6 0.5715951689245584 0.14650206060371568 0.2502305497227132 0.11816389786435065
51 0.7255995005386352 0.42803164633083585 0.09481694280043321 0.07824130131597985
50 0.37821077018334237 0.36391338549360197 0.17135147038182622 0.12454695805755843
53 0.5884946421052238 0.40592154676927134 0.25353008334863136 0.1374926163200344