3 0.4707886290803626 0.44284715876713565 0.14702620008342968 0.07756138348210119
6 0.6343900192200491 0.4073783529686773 0.12532165885974023 0.06402931303140026
5 0.6217274707313376 0.5187957425353059 0.19780065783830955 0.13157211196963423
11 0.8093183743221337 0.4900594652958977 0.1062587116427487 0.0915307204940252
9 0.47351333273879964 0.5940373265125317 0.3278740683344832 0.18632222698153222
22 0.7609967108084518 0.5354886389470281 0.2602027616636059 0.11911561463918065
28 0.8439146165931799 0.7387399889037038 0.11878140845331203 0.17890964852219218
39 0.47442775852036995 0.8498788485992059 0.17124646880348357 0.1104923164615126
28 0.9027039586037996 0.7526505492579924 0.142987692005551 0.20943673534775742
51 0.6295737316181504 0.8222099078050799 0.15683737704822157 0.11188760282771207
1 0.8782739123665237 0.821639174545096 0.229218479852087 0.16260347868902267
2 0.6291192136641696 0.9003349078050799 0.139968498467854 0.1034994112805854
48 0.2899143932039785 0.14312224941066162 0.22969397555779025 0.24433424791979205
23 0.8106547592035962 0.06453527282454348 0.0897814177611954 0.12907054564908696
33 0.6337552967947746 0.10345990780507994 0.15932513420895644 0.12647877304873004
53 0.45316615414829503 0.16774959745835705 0.2097359776006516 0.117989501536263
19 0.801953800369782 0.31035933030023016 0.2054457365021068 0.20659562263268846
50 0.5708838884925331 0.3781789792102711 0.13277094517413018 0.10539897754060835
0 0.40358582553128125 0.42952492495564115 0.19050520836988236 0.11664475515273395
6 0.7644214742127781 0.35983977641831777 0.16160311385246937 0.10501225096205584