48 0.5396960203925503 0.6205042021250317 0.3348758292787997 0.13129185440433352
28 0.6802572857822343 0.8397025847083874 0.10920797934137191 0.17914332309160785
11 0.36369699859748417 0.9141493610757319 0.08217829460084267 0.07787410052391572
23 0.3864076705486894 0.9360497036429346 0.07041079685227832 0.12100347488125826
8 0.6423893155976752 0.9438363375238421 0.1472359776006516 0.10507163284041873
5 0.4820472709139858 0.19913184314251445 0.2120978682510534 0.0986153190030756
0 0.6118479706377707 0.20184421546782835 0.3010261907755463 0.0972464102972009
53 0.7921644025118618 0.1991343693384566 0.10613284513241548 0.06373073642461471
50 0.3867449172865434 0.4648678862067109 0.1567814363769623 0.0931642872006983
27 0.7149538282934321 0.4542628893281773 0.21672375337715322 0.06742126156783083
6 0.5525963167341132 0.4692017508446119 0.21205591274760904 0.09140378054153714