6 0.6202199943843805 0.6006895976926896 0.12613290084870654 0.07510750676460891
5 0.5559157448845888 0.6989531520026927 0.2019109103387221 0.1533058428979485
11 0.7350713055743439 0.7785738163451392 0.10247207292648032 0.09477987972407767
9 0.38541050512428315 0.6754058461687666 0.33491967532342437 0.2097712531593322
3 0.6569253259289974 0.7733984515403356 0.16982172452486566 0.10267800466833475
28 0.6682692307692307 0.9579326923076923 0.15384615384615385 0.07932692307692307
39 0.2753824063497301 0.9107623641135058 0.1893881680811774 0.12347856783922112
28 0.7127403846153846 0.9735576923076923 0.16105769230769232 0.04807692307692308
51 0.23557692307692307 0.9447115384615384 0.22115384615384615 0.10576923076923077
2 0.4182692307692308 0.9927884615384616 0.15865384615384615 0.009615384615384616
48 0.4230890896612779 0.17175092169432732 0.25432180694136153 0.2680034750676795
23 0.9262454732787808 0.37651766320520375 0.10571510489418319 0.1430530270435154
33 0.7537559802715573 0.32873567159030137 0.1828060189800314 0.1589475874193694
53 0.5559421840675636 0.2837010177366873 0.19668362512410142 0.12887493287445745
19 0.7994953496540368 0.6044909960677247 0.2149791233752739 0.21438311795667558
50 0.5718432729804301 0.5449843084134466 0.1462028558933322 0.1247542237816494
0 0.39458804695620725 0.4944060221596687 0.2111067020471785 0.13005227832954552
6 0.759328376627261 0.6300994499123866 0.17015739885040823 0.12190877389910372