16 0.4128613180529351 0.5548259830733746 0.15523081043901732 0.09098468752374399
8 0.7239644948757168 0.5890206093025591 0.10213639860093775 0.07495810022591848
10 0.5844574993712542 0.594777766024798 0.14304374250701513 0.08045854006095145
23 0.7735756618317424 0.8801219406133038 0.09825181068848766 0.12747841047157055
9 0.5917496028908152 0.8746436903783935 0.28828153471441237 0.1490800019221537
1 0.33652231767619456 0.869913401204979 0.22118363886018422 0.15599896074590008
28 0.8510062275210455 0.14492583464236006 0.13561024100765778 0.20472992978302512
39 0.6433252909575102 0.17510510882559327 0.1578864123370204 0.10558991701630237
11 0.4650420623113129 0.16574786050569137 0.09011716783170698 0.07404733737851063
31 0.6148385208510596 0.4047276300520561 0.1580542494997917 0.11520530163168698
53 0.45222225149555517 0.39659023618437017 0.21363642607310304 0.1362217338066864