33 0.6484064630625787 0.6202043669608979 0.15396474263485788 0.10923813946645321
11 0.4706074753421437 0.6436803122794341 0.1022524031299897 0.08162087882831195
27 0.8726261573412344 0.9231769273121267 0.09917679137208943 0.06714185176495736
53 0.47115384615384615 0.9399038461538461 0.1778846153846154 0.11538461538461539
27 0.7763899974505553 0.9449494081693383 0.08234986829516636 0.06675020078301284
3 0.6580153979722202 0.9554010300717419 0.15536094038262313 0.0876594742221155
27 0.859375 0.9783653846153846 0.0889423076923077 0.038461538461538464
0 0.7925547404075626 0.20934551496132545 0.19611436406399874 0.08620678045299165
47 0.6134418686761957 0.23038963905587656 0.16066914296600826 0.04696194002756423
1 0.8009287911157575 0.46647312821244724 0.17939940192108467 0.0882189756248933
50 0.6439806922418749 0.4736257017165603 0.19197843736036055 0.10051795709551296
8 0.454860572626092 0.4860325637115388 0.15960882802027035 0.07575214373344033