33 0.3310594937128401 0.5645413137018443 0.15594797203837232 0.11586540499514442
5 0.4875808991530759 0.5818795098515811 0.18729592126328676 0.1193605251956077
8 0.6632351245991666 0.6009499988957074 0.15928642597234782 0.07997560100231628
1 0.3093963544329783 0.8605501672546496 0.16016796899657793 0.10161021638693167
27 0.7103754483786635 0.8873549055001598 0.16507361052918468 0.10418195085564227
6 0.4344718614233853 0.8837873297586959 0.13882720128670584 0.10806625743158148
6 0.5910422414760782 0.8999236028315095 0.09977796747568081 0.09230007398959117
47 0.5292543113195803 0.20715804719675124 0.13147282913123787 0.04539836911671724
9 0.3790037549000147 0.41884152171601347 0.24950207358854334 0.11433153482730364
3 0.5950825934493749 0.447302267776102 0.12244513986533995 0.05948566941006588
11 0.7794931027211276 0.4576654907307545 0.08717104135696346 0.07745727627935381