6 0.6128361357559308 0.484375 0.11512243328800888 0.040865384615384616
5 0.5652886876818628 0.5889423076923077 0.18089791949319897 0.10336538461538461
11 0.7298942699106358 0.6129807692307693 0.10486692586003425 0.07451923076923077
9 0.4060049403347108 0.6009615384615384 0.3024760098107795 0.12980769230769232
3 0.661326775216332 0.6370192307692307 0.15218796750499036 0.06009615384615385
28 0.698065476813751 0.8533653846153846 0.1137059858048838 0.15144230769230768
39 0.3333107626224413 0.8413461538461539 0.148892038061232 0.0889423076923077
28 0.7344483413373802 0.8930288461538461 0.1302707267852002 0.19230769230769232
1 0.6973249278107102 0.9362980769230769 0.22036729986402676 0.12259615384615384
51 0.2944866158738456 0.9170673076923077 0.21644146922696245 0.13942307692307693
2 0.4689595431953256 0.9362980769230769 0.15395169084624663 0.09375
48 0.37844746373063004 0.140625 0.2199689159094749 0.20673076923076922
33 0.7007671511329326 0.20552884615384615 0.16419697665493707 0.10576923076923077
19 0.7747075888052785 0.44591346153846156 0.18151759906722048 0.16105769230769232
23 0.3205015351573745 0.4206730769230769 0.07385866471807254 0.125
50 0.5572854921208628 0.44350961538461536 0.12940930835314043 0.08413461538461539
0 0.4223551569088252 0.4495192307692308 0.16812280729200124 0.0889423076923077
6 0.7317635302519848 0.4855769230769231 0.13915067320718622 0.08653846153846154