19 0.6105513568067418 0.6259793362845552 0.29654015732759437 0.1541994542936798
31 0.2991064356216095 0.5953052235244489 0.250825124901073 0.14619068930897752
48 0.5819569359812543 0.6687450555654718 0.27008386446747185 0.15133405594221253
33 0.1577138541020945 0.8740586457282256 0.15701918422981379 0.13493889235657236
3 0.326241810475899 0.9214669499228775 0.16888457815308178 0.10870638111772898
22 0.5709134615384616 0.9483173076923077 0.23798076923076922 0.0985576923076923
23 0.46385220545666095 0.19918293268913917 0.09205939740470849 0.12419060689248142
50 0.3014387532260828 0.16990837287506538 0.18814331771948065 0.11384974775096388
53 0.5698591840787433 0.2418945260950083 0.1905891193767711 0.12110324550319515
1 0.717912492641411 0.28173463785723285 0.13750871164274842 0.08652629495410671
9 0.28837223758104114 0.4028296940539853 0.24355764576827532 0.13644942682151437
5 0.6748608333284591 0.5249487755948 0.2219789710549192 0.1456871778206635
47 0.4535181874091131 0.48863659777413654 0.1494580165729054 0.07471686063834013