31 0.3650164125029715 0.5438567889218557 0.1616870248593581 0.1137973354710266
8 0.557554860079608 0.5768047178657504 0.15682339188040664 0.10401406254077795
51 0.7452646375968298 0.60631476589374 0.19304890620187637 0.13411937874841312
48 0.6696561664483439 0.8349625173931052 0.251230694767702 0.22026865391139858
2 0.44625930357052174 0.8704135548035199 0.28946847054420377 0.1831502219687735
11 0.39874557436950026 0.14235724194498978 0.11591605176157767 0.09537547340289396
39 0.5142560562644488 0.15996253777286504 0.20251045397129835 0.10801284768583362
1 0.8102787623828956 0.20973356025487233 0.17362234462170015 0.0997939793351102
47 0.6816240450647746 0.2058111111390274 0.1734405374401078 0.0685439793351102
23 0.8044167926154849 0.44195654657332245 0.09210135290815284 0.1329975702901116
53 0.6348407500107202 0.42984576351843834 0.23636009247455164 0.142841912043729