8 0.41947115384615385 0.6628468995495791 0.15384615384615385 0.09909681305940055
51 0.7764423076923077 0.6186688918707 0.1971153846153846 0.15310961865543368
31 0.6057692307692307 0.6480062014213891 0.16826923076923078 0.13152415851448834
48 0.8473557692307693 0.8858173076923077 0.23798076923076922 0.22355769230769232
2 0.6814903846153846 0.9302884615384616 0.22355769230769232 0.1346153846153846
39 0.38221153846153844 0.24153619302137097 0.20432692307692307 0.12725598369067
11 0.25841346153846156 0.2614787214549424 0.10817307692307693 0.09777239860546785
1 0.6862980769230769 0.20866625200716898 0.17307692307692307 0.11028199161490236
47 0.5612980769230769 0.24293374524256 0.17307692307692307 0.07662814546105629
23 0.7728365384615384 0.4380860939684663 0.09615384615384616 0.1472720466236637
53 0.6069711538461539 0.47502739046572334 0.2403846153846154 0.15904550117454386