9 0.7776510367728782 0.5946805099478817 0.2515740809308213 0.15416474715922612
8 0.39689830438080453 0.650718274584993 0.14378955334942845 0.10349941128058568
39 0.5888404666892938 0.6305959389154079 0.1932100076344595 0.13570743108556207
0 0.8491705198152988 0.8955897490984689 0.21115654005147277 0.16092254570961126
1 0.6574519230769231 0.9471153846153846 0.2620192307692308 0.10096153846153846
28 0.6797352847231117 0.1385803705676116 0.13831672329237732 0.19176934578112875
6 0.3232745829346936 0.22746502153516374 0.24475109181096677 0.11055932979411306
3 0.5224842641717257 0.20904888883632508 0.15949686708626132 0.08063760282771194
50 0.3464075933679925 0.4926445182989757 0.18119077686522886 0.13486696459585637
53 0.5717236994953054 0.468865873415951 0.24827454730490311 0.13476588463051578
27 0.7676075138365909 0.45620721615481613 0.21338913087695788 0.10597027076703223