9 0.7919674666803425 0.6018107848454847 0.21864010959754301 0.1023340284700471
53 0.5925881112618061 0.611303021357605 0.1706191366608976 0.10389868881003668
3 0.39712225084556674 0.6339534727798399 0.1308707449729701 0.04793887862048972
48 0.8363876950814645 0.8571490515790148 0.1736963943761755 0.23611022727157513
31 0.7081735768326396 0.8762207967080042 0.16100375204551298 0.10373085164726512
8 0.5974716892675216 0.20119549638267878 0.08776936462457276 0.05439514984955725
27 0.8308405916815708 0.2055389067239357 0.1332745911268161 0.04798083791118261
23 0.7729005281142098 0.40254330982041087 0.0666942506427349 0.07805597777178346
5 0.4152589775237717 0.4316317825951811 0.1965019429504275 0.08032177946919625
19 0.8134312168269768 0.43911059690859455 0.20181318652061966 0.10204031343519727
6 0.646671634906197 0.45524792145790016 0.19862603840288473 0.06834450799065823
51 0.41604227948766065 0.4652856287490273 0.2688970782672009 0.09359978895921181