33 0.40024038461538464 0.6241413802610444 0.1778846153846154 0.15907351943225917
11 0.5793269230769231 0.6138277924961202 0.09375 0.0906902540043195
19 0.7680288461538461 0.5837538856152682 0.28125 0.18553230047449695
0 0.8581730769230769 0.8580862304419068 0.20432692307692307 0.15371100724807307
39 0.5024038461538461 0.9230769230769231 0.1875 0.14903846153846154
1 0.6658653846153846 0.9302884615384616 0.25 0.1346153846153846
28 0.6790865384615384 0.1316209720529848 0.13221153846153846 0.17751436215599298
6 0.33413461538461536 0.2361053530292018 0.23317307692307693 0.12207428066952043
3 0.5288461538461539 0.20404783323935646 0.15144230769230768 0.08510910853952201
50 0.3605769230769231 0.4855505331527081 0.16346153846153846 0.12441111349076604
53 0.5757211538461539 0.4513160371645932 0.2403846153846154 0.14421317594795915
27 0.7668269230769231 0.43102560819706687 0.20673076923076922 0.1154175620844756