0 0.6227297801093226 0.6345715263474424 0.21531594862290532 0.12420250303745534
9 0.8040522764098431 0.643516353035609 0.23163920675523614 0.11105449410074979
22 0.4325893686890223 0.6477346278428878 0.20022131844037183 0.10387881838979687
2 0.6952611069224569 0.9265671085385787 0.22551894234031467 0.14175803639230475
19 0.4699519230769231 0.9242788461538461 0.23317307692307693 0.1466346153846154
10 0.852755002078096 0.9397000249165449 0.1452686335316385 0.1093046939071053
23 0.7987256010023163 0.2163603479289199 0.08078450816495265 0.11640580530033354
50 0.36435823970017733 0.23858811810647546 0.1711233321219217 0.09448144909447952
11 0.713320385589188 0.24225477850450622 0.09610043640809843 0.07441164251747373
8 0.5553380926947985 0.24946347814949152 0.10786783470503294 0.0681108669033432
9 0.7992941643090881 0.4729343523972728 0.21059220047264524 0.1262420440523386
16 0.4331845859192682 0.4931419323435149 0.16804793270861887 0.0750685272942287