8 0.7296594155801359 0.6208184348233758 0.0927727697297102 0.08226220560773137
16 0.5886567819639005 0.6000019517559261 0.11428150724224692 0.07517653365652627
9 0.41161743568531917 0.5805971692826213 0.2881556568423338 0.12185654266226847
5 0.6948632317620428 0.8998953439384738 0.18993363886018408 0.14051392001263105
9 0.48885185376522916 0.8734468450174082 0.22641092407480473 0.16476215906831454
39 0.3010791183757257 0.8589126881069623 0.1581801273718702 0.11148595898488486
31 0.429598863010844 0.16458494040518132 0.1700315209783297 0.10194050020857424
6 0.7060350874109744 0.2314932540750025 0.26100004120824793 0.08083732120092108
10 0.5507142750983941 0.21677029739905687 0.12803323551423856 0.03679890620187652
28 0.4272397059165049 0.3737545187093337 0.1307186301185797 0.19064506004803036
27 0.7197834621596028 0.46821615955758944 0.2732710277216358 0.09533032396307206