8 0.6138132479978995 0.6020679694292063 0.08986541208754992 0.053402066593762884
16 0.7894198951007472 0.6103004251412248 0.11651751623332164 0.0655751342089563
10 0.41450381368213285 0.6129264312698088 0.12836890983978128 0.05602967543264575
23 0.5928107517424908 0.8447095867056125 0.07404551198725483 0.11099647811136694
9 0.4408588492696917 0.8834849900878343 0.20149131743179374 0.11414153815939716
1 0.7610319399288513 0.9117873250995101 0.17256124500425438 0.10916602383792742
28 0.8378750755484548 0.1502925381233341 0.11869939934934894 0.1905751342089564
11 0.4287745735501564 0.19117729778014206 0.10458220404547666 0.07031290067757467
39 0.6152404876360047 0.2018765329011734 0.18631297327624588 0.07078839638327782
31 0.6277240003716708 0.4350985579116021 0.16020633990948105 0.08986532876808426
53 0.46194253433767185 0.4389412736400734 0.21077102772163578 0.09496670959988734