53 0.7782335577677656 0.6162659117056096 0.15643411068467555 0.09252311667008548
48 0.4316122087209011 0.633421501050855 0.2816439450229342 0.10264406242606856
5 0.7496599568579607 0.8726381980629814 0.1642751521609898 0.11432558247553441
2 0.4223264599944937 0.933482644229541 0.20259680106368913 0.11041309241228649
6 0.8341346153846154 0.9435096153846154 0.21634615384615385 0.10817307692307693
8 0.3939216533688438 0.20494940919332297 0.17001785025471852 0.06401266366559846
9 0.7915833298818336 0.20819954202468016 0.22868938485889928 0.09900931318611132
23 0.36935137980340704 0.4337893650620195 0.06564751507387794 0.10962778057029911
31 0.7542465435364696 0.4523567721218489 0.21674009886908807 0.10113340863856858
51 0.5768165692180811 0.46384146174129326 0.24098839474580805 0.10890444850288471
11 0.8006540406434515 0.47866020940251136 0.08616301398778112 0.07166979337126077
47 0.3574591767662238 0.4791547162135687 0.14548977526032042 0.04662623918589759