50 0.38722153398398945 0.5522107784116107 0.15745575261573344 0.10515554668755146
9 0.7638317401810413 0.6283900901557389 0.20860807510595938 0.12497371284825057
6 0.551621725383123 0.6116207937741991 0.2488858506193195 0.10862230157174675
22 0.7081350464718507 0.9272362234980461 0.21590355772493006 0.12746147284922943
8 0.6346650157717216 0.20063218760713677 0.0935287019393881 0.06356290873034914
39 0.4355502385838091 0.18010327994175096 0.18554640904499864 0.08385658669146737
27 0.8573298567593454 0.2413280603976277 0.15611264609682032 0.066694008226013
5 0.4212187648957852 0.38948963686776483 0.17833487058346018 0.08377267284433451
23 0.7803304947564572 0.446633978357767 0.08385990757825577 0.13073074462615336
53 0.5912927950498058 0.43921433940902455 0.15728786430086927 0.10034785437985914
51 0.4251755779621249 0.43393281943154105 0.2997863406372492 0.12122892927090725