0 0.586135756226976 0.6132707914967869 0.2142800184120729 0.12764102373125452
9 0.7934250219214738 0.650599643057797 0.24972225917670945 0.10287813004908213
22 0.387650598113835 0.6112455529025819 0.22082015519027792 0.09913075268712773
2 0.6153846153846154 0.9338942307692307 0.24519230769230768 0.12740384615384615
19 0.36658653846153844 0.9206730769230769 0.25240384615384615 0.15384615384615385
10 0.7788461538461539 0.9567307692307693 0.14903846153846154 0.08173076923076923
39 0.8109313861941239 0.2086278335521318 0.24005092442104717 0.10002644015919983
50 0.40032129500865377 0.17025174460582163 0.1484250198735044 0.08375269389762661
8 0.5790721326285255 0.19301591111256988 0.1602764002219019 0.0771009601061332
9 0.7809622097862176 0.462315916519734 0.2214356067333334 0.12557306037943541
16 0.5381177981074783 0.45341170833867 0.15049316518568373 0.06944157790855872