53 0.7451802960706324 0.6771708725209842 0.15660749747741512 0.1109198195861165
31 0.479497416760944 0.631547744305909 0.14977389973186014 0.11754268532011079
5 0.6924965330669186 0.905045894896165 0.16660082280878322 0.11891625501771366
2 0.3780285069387443 0.9104924070054861 0.20556628222496634 0.1316712275133331
6 0.7668269230769231 0.9591346153846154 0.22115384615384615 0.07692307692307693
48 0.546875 0.9290865384615384 0.2956730769230769 0.13701923076923078
9 0.7887253809617705 0.29775543033223834 0.22391518978510744 0.1164140983765273
8 0.418984225724061 0.23047350584287848 0.16268521379100312 0.08987387692904515
23 0.37244116915326575 0.438504508637911 0.07044697665493707 0.1110672853171269
51 0.563662697003412 0.5019850347522357 0.2288488623314609 0.11921039301540268
22 0.7832264577450674 0.5582048671613518 0.23517853912237122 0.10297214266602363
47 0.35667996729532037 0.48030205758828176 0.12271191246553083 0.057888135202656614