3 0.4612847143243152 0.45307914743307387 0.1477015581850486 0.07955588021515599
6 0.6064638375668134 0.47920855382971655 0.11555587071297643 0.059233836937769624
5 0.5526505735856023 0.5782851782878435 0.18784251065672222 0.11695667904176169
11 0.7285198921580556 0.6153425414071 0.09755667175630614 0.08500459137062048
9 0.4044781523220368 0.5906592824314553 0.3029505376336627 0.16657513136414656
22 0.6612945135871962 0.6416894672749438 0.2545903982943696 0.10728788468062934
28 0.6669549904603941 0.8550861379439431 0.1303214582927757 0.1701465366444212
39 0.31171923109137994 0.8302922299379923 0.16609593433809783 0.1137973354710266
51 0.45105668035027635 0.8530257274974461 0.16095235922837858 0.10641790869462397
28 0.7076227864775892 0.8836651921119584 0.14759622510573486 0.18034953036183
1 0.6566645263136078 0.9214437396470085 0.2379873970854645 0.11150796788629691
2 0.39716110263223225 0.9281058624958276 0.15156089648101187 0.11088982437258793
27 0.24935421136786984 0.9068680925643093 0.17409119933769943 0.1308760910202458
48 0.4107415149207986 0.1212529963778408 0.2239068308191097 0.2214133377037633
23 0.8763532948411986 0.2237903261365366 0.08973266208506586 0.12313035320243074
33 0.7211109432472796 0.20761208098500677 0.15430062543688522 0.11818530699155855
53 0.5329688248404018 0.20218246657419475 0.18202716994294887 0.09515417534228206
19 0.7791785445718811 0.45517770041947625 0.19589707005067572 0.18683610581816418
50 0.5639520000658172 0.4386942130499024 0.14619339950327445 0.098702705288493
0 0.4030359158893101 0.4155142898304144 0.1822510918109669 0.09996186764997443
6 0.7322738973747049 0.4832149471029936 0.15340493796481305 0.09895453776078939