19 0.6650621308111405 0.5430404081183257 0.25140282560246024 0.08461181131566284
31 0.33151696729374625 0.5854039404715403 0.16313228351420656 0.09799995079076823
48 0.6584960246838277 0.5828017691451088 0.2398314385692656 0.09408733951915949
33 0.319599933825434 0.8717553312441975 0.13451005153607076 0.1024719877099291
3 0.48912706813859236 0.8709852789134994 0.14255798307532921 0.06893002668559343
22 0.7165704320120765 0.8743516081134307 0.22563228351420642 0.09872720413258608
23 0.4435492043638342 0.1764275825050377 0.06742628109639649 0.1064964841110486
50 0.2902068747207209 0.18903505226951223 0.15754086466845124 0.08111708514908991
53 0.5525060078249743 0.19199579787496843 0.17174001972351013 0.07647722053566326
1 0.6872893338413723 0.19403517529259165 0.14233406120731146 0.06412233437790126
9 0.3329032232594686 0.4086093630343376 0.22999213208586292 0.0891677620819567
5 0.7189741000169703 0.4353839578539205 0.19667416873404384 0.09598770259020849
47 0.5054236555936942 0.44628686352398905 0.1460221441749134 0.040139815404194826