0 0.4077264985680701 0.5649890691974223 0.19475575958737515 0.0953352629749967
10 0.7565860805563587 0.5964405917949882 0.13636400410087235 0.06793660715942096
8 0.39565220740100915 0.8534387533885158 0.14866301398778112 0.07825203224920439
50 0.5908533593184842 0.8589250207801776 0.13246559392563356 0.09890659096966149
9 0.7736027499634199 0.8916236403859858 0.22712487605808734 0.13561690666997242
53 0.528746872322487 0.1726732393636505 0.22826971618238218 0.09248768399562124
16 0.3782966533688438 0.1742122068320975 0.12420488377280246 0.0624288743773297
48 0.405946519783537 0.3796829032089489 0.20908316807744975 0.17536222652631872
23 0.5543076440907219 0.38910125152768926 0.07773669062252828 0.11491717401819584
33 0.7858462674335672 0.40210278211153927 0.19573498649924823 0.12898910912884298
51 0.6105053877616371 0.41713106534545463 0.23590092332043774 0.10733078520333751