51 0.5237685240293041 0.5798281031091489 0.3232901784752441 0.12536998277206954
50 0.33351503684573786 0.5954861270431814 0.1981782933457336 0.10628266454364302
33 0.3469574347549704 0.887626579644937 0.21768877540027903 0.13177834663795723
9 0.7487980769230769 0.9375 0.23798076923076922 0.1201923076923077
19 0.5897797620330079 0.17942491670785216 0.18135137026881054 0.105007596557272
11 0.31820108921314766 0.15403398404874183 0.09939683077902049 0.0795836399641292
0 0.791604939467763 0.20313919408276604 0.1259510236008388 0.09120270284381113
28 0.3662763281594427 0.3645899572386241 0.10543525951132765 0.18571717587232314
8 0.7417929548181145 0.45199106513172144 0.08245802257258707 0.06869318736237363
16 0.3245997763551074 0.4312049020189758 0.12581116718895055 0.07918347207458035
22 0.5180114922514012 0.45428164540070415 0.21466956103412554 0.07871157868386028