8 0.59724847640671 0.662708460074766 0.15191780339801084 0.08790157040037955
16 0.7761322299349339 0.7048614465616616 0.13506290998545806 0.08240823351828598
9 0.40018903246258464 0.6450612390163966 0.2145436699083439 0.1120828656327706
5 0.5056358030169256 0.9114392102943203 0.19071498588710428 0.14716106569131837
9 0.6995192307692307 0.9483173076923077 0.3125 0.0985576923076923
39 0.34197847220597993 0.938432509153984 0.16167303969154345 0.1123318288384988
31 0.4507413302427266 0.2215394542839163 0.17604017594336108 0.10330413957260089
6 0.870931918876193 0.3216132609516371 0.25037759953099936 0.07509056554494883
10 0.5838541106731701 0.2786583285743605 0.14205068576195992 0.04424054273149093
28 0.4554922805240103 0.4381304811923563 0.13333035188672218 0.19769489967798692
53 0.7950980823323714 0.5445383734408277 0.1857534567334492 0.12052285954918182