33 0.5469703308750641 0.39879506571310575 0.10339591902706899 0.0779529566471546
50 0.3520565401481667 0.5920832841351227 0.17520606142440961 0.1437396135262339
9 0.7833675987816554 0.4933553337693311 0.22792278849416084 0.1432488545538642
6 0.5570969885632625 0.5549715312136835 0.2489697947767516 0.12818794965957336
1 0.8444595939005629 0.7688167186151483 0.21235502777871892 0.17793297716395393
11 0.6844893461006774 0.8537847911152437 0.10912699706651424 0.10478771282449163
23 0.6086156730443008 0.07496281815875921 0.10085471897004303 0.14246435431597143
5 0.3239812018741434 0.1605191666542329 0.2420100887875094 0.1348108153935677
8 0.5529761676702687 0.12384901746149311 0.1275183247229626 0.08231904522614744
3 0.7289606018456305 0.0951015708348453 0.15337302331324557 0.06765058881688574
53 0.5369504926783613 0.3768415363428833 0.1692231509126681 0.10969331888735841
51 0.7164987240057761 0.34900167642938656 0.2734279771023736 0.14216942285395076
2 0.35137737876048875 0.43992961397217856 0.217132185674727 0.10881011142995935