1 0.4307433066893563 0.5548765351573745 0.15780249375563477 0.0971310232052829
31 0.8244286051411187 0.5029657760169448 0.16062593281640913 0.1212954649824056
48 0.6157345623087781 0.53916644139585 0.3200350462027262 0.17287939150327275
28 0.7422329301893652 0.7562991415318234 0.11604379745134598 0.18140184044784363
28 0.8346341495950172 0.7430354408049074 0.11127806443434643 0.18355372612436746
19 0.46228366820084293 0.8455580602244096 0.25487944430472315 0.1550548481363444
47 0.6376805188502265 0.8315538104944528 0.1118776610884009 0.08031432174764401
0 0.8262775437004175 0.8156547463749366 0.21840215909010233 0.1291266830179657
33 0.7858357292698734 0.08393044219646291 0.14860670204717835 0.12066556378909979
6 0.638712498750113 0.1325436114895087 0.19833220404547666 0.08004191803175331
3 0.3292247546190052 0.18365083150756709 0.13802625374585878 0.06487318129599359
9 0.42341805694009416 0.4108977264039276 0.30970635364556354 0.13151008593324348
8 0.707854233263935 0.3719306065841189 0.11900528096855358 0.0758845701559352