47 0.625190865547727 0.6460699835154535 0.12667888314864173 0.0524420192633916
28 0.6693758739204895 0.8456884256479585 0.10856992237617401 0.1526480603080414
23 0.34976354682222516 0.8717414960153905 0.05657815831162721 0.10761600223273668
2 0.627102535373412 0.9414492558875183 0.2720848705834602 0.09113251486316297
39 0.38822115384615385 0.9423076923076923 0.18509615384615385 0.11057692307692307
5 0.4951579946912126 0.2225695101125596 0.1998015976532114 0.08380649783250799
0 0.6252594915499171 0.23551595615235377 0.2909798631845011 0.0821886835072349
53 0.7961844009452903 0.24868752979157033 0.1053800443937547 0.061301906461887365
50 0.39803501213748665 0.46647212103170166 0.15678419935627688 0.08950704146026894
27 0.7132746349210611 0.48708419027068955 0.20840965237941098 0.05529612061608255
6 0.5547467050033631 0.48514964511094105 0.20195361133476128 0.07667890352840154