10 0.3662862393168087 0.4971415181505873 0.1438553216800888 0.07301259673792747
9 0.6096599827442091 0.5539346038422538 0.22831393730821886 0.16866490150737198
22 0.7850229729790575 0.5126186032874993 0.2197035032582902 0.12042012800961562
9 0.42143842438709567 0.6243765089445509 0.20040278924810154 0.11756868073354727
39 0.6598111160860012 0.8530445946362175 0.15734339281712934 0.12377311667008574
47 0.8159433370900805 0.8121761952036852 0.16667899831483596 0.11438153261581209
2 0.4840284571746356 0.9087836721140488 0.22803415819054088 0.15904951689198737
1 0.510344169153827 0.16948907952580086 0.18159168869384928 0.13154415653440188
50 0.3429050270015035 0.2274361776665061 0.16653910875599684 0.10957384030811977
16 0.5437254623713241 0.4257494656026171 0.17601460381254247 0.1049899485615387
6 0.7482843303494241 0.3717428325952985 0.1833660318329199 0.10996549129006429