8 0.5372550268661562 0.6625521664536413 0.15423773854496814 0.07986604382863104
28 0.3786501287996619 0.6580148279861345 0.10877443913911314 0.1121954755285449
16 0.7499744337298188 0.6763122426854203 0.13745277097148928 0.08570401259256691
51 0.7764423076923077 0.9471153846153846 0.20673076923076922 0.10096153846153846
0 0.5408653846153846 0.953125 0.1875 0.0889423076923077
39 0.37740384615384615 0.9567307692307693 0.15865384615384615 0.08173076923076923
48 0.4255165335054556 0.24737396341922382 0.2576870341672415 0.1027267631798389
53 0.6827210793830866 0.2671680342913704 0.17348249294355228 0.08383968392259475
3 0.8077140867991793 0.2761697718252102 0.17337061160103373 0.06460891469182552
50 0.5039290308008084 0.5096627545643087 0.1398566171253357 0.08590023683508158
22 0.7058521077238853 0.5261455909355409 0.21433389239112197 0.08477164989149795