8 0.5042883100885771 0.5535731855281628 0.15608438678757827 0.0894814284440158
16 0.718838010232742 0.5564438081307922 0.1390476293723965 0.0808963202848746
28 0.34952001228317814 0.5566142645549744 0.11125064721753529 0.11459932168239079
48 0.388933031448209 0.7680302347164265 0.24775454087724677 0.19049172541705855
47 0.7001519148557395 0.8277595095298005 0.14173125464392092 0.09070792914277402
2 0.5254534000253763 0.856408844035191 0.2417577873194227 0.14923389231664486
39 0.30822007460968714 0.863349830290461 0.14957229612023476 0.1129312172549333
5 0.41093427766630913 0.13552435989111597 0.20273669062252828 0.12686353520564067
53 0.6527784846826074 0.14815763447405741 0.18280647359756394 0.10125527972706178
3 0.8310956305705312 0.1599812360990222 0.17022768459297694 0.08104338928371924
6 0.440003127677513 0.16672540301352876 0.25394263130107536 0.07348816084865571
27 0.7807270046902203 0.40750365707967084 0.19454592524911674 0.09262101632425047
22 0.4232883479510482 0.41150068459897204 0.20882911261335452 0.08899066947164623