8 0.3905854485620039 0.6332635876552154 0.1398146616218912 0.07461454615003951
51 0.7417847348763937 0.692522087115129 0.18576744190126412 0.1250850937615244
31 0.5734385856841817 0.6704823165626941 0.159213252866438 0.1044685419054824
10 0.38364662087285395 0.679760646939232 0.2599929841463841 0.07850971192925126
2 0.625 0.9459134615384616 0.2932692307692308 0.10336538461538461
39 0.43994660301244 0.23693370124796878 0.20003668197837826 0.0993986675011837
47 0.6709885445540593 0.29590280415943987 0.1925873956639883 0.0581553421698156
23 0.7515321772308696 0.5091947674198735 0.0752045039921557 0.12169384893695732
11 0.5736825247657913 0.5058818451435632 0.0894178033980107 0.086392038061232
48 0.6988153838600317 0.5352693560154818 0.31310136221603624 0.11974281564133503
1 0.40416941541619306 0.4897886998564132 0.23127269681056334 0.09863256444993268