19 0.6814018850900367 0.616399827667686 0.269860101782435 0.11287251748067408
31 0.3232777562543116 0.6185613548929157 0.1784859776006516 0.10647037212665413
48 0.6695854392541205 0.6510458004449909 0.2627744298312298 0.1343812549932109
33 0.27574006349340763 0.9169800355875588 0.14975170509701619 0.12519762986910948
3 0.454931490713557 0.9381348488980209 0.1615331880133953 0.08454204170718892
22 0.7007211538461539 0.9471153846153846 0.23317307692307693 0.10096153846153846
23 0.4843198606838902 0.2055492020446436 0.0679370248593581 0.10934793706247621
50 0.31486968458945863 0.20619684128156823 0.17606814627899064 0.10402456668211507
53 0.595050620606776 0.2339216371088215 0.19283912868465472 0.09470289710158028
1 0.7309518393059725 0.25071541395604335 0.15912934185954916 0.08450008241649602
9 0.3462673302066634 0.4386924862613825 0.23616430012514464 0.10507354894943596
5 0.7335872420839122 0.4971306243706206 0.2122097495935718 0.11907703296558453
47 0.522069758297173 0.49704397602042066 0.15174998138423326 0.05552805069826378