53 0.719128429410689 0.6937597561627415 0.15832459120651413 0.10781161060066707
48 0.37714015715765703 0.6557837842423863 0.29372370235996204 0.13483907756855837
2 0.3088942307692308 0.9387019230769231 0.2091346153846154 0.11778846153846154
47 0.47596153846153844 0.9651442307692307 0.13942307692307693 0.06490384615384616
8 0.6995192307692307 0.9807692307692307 0.1346153846153846 0.03365384615384615
5 0.7834989823132706 0.2957783472905837 0.18694682318464992 0.10518974912675358
0 0.49090151714809405 0.2591326568907546 0.18627505758059607 0.09076667220367665
31 0.7172383492419261 0.5271657612694306 0.2187566278546953 0.11957696329924475
9 0.3527494213293828 0.48024780147746193 0.21176901126117473 0.12383819789849244
11 0.7636918387757186 0.5656645818898313 0.09241309664658705 0.08125887584004901
6 0.530156545780786 0.5298758602115315 0.20081009543768202 0.09426343377441225