27 0.7712645767031916 0.552661487200634 0.11790294010757799 0.07547273402752111
0 0.5637516051826597 0.5707309413896524 0.17685441016136685 0.11320910104128146
5 0.5730274345789053 0.8363559413896523 0.18937730587519014 0.12798190186145592
8 0.8188493234519536 0.8472504200427087 0.10166362613267939 0.09181004364850764
3 0.4243400168760142 0.8851986439495256 0.14974054920960247 0.09320893923689784
50 0.779258266505093 0.1614069841858585 0.1537087999429739 0.06931036725727523
16 0.5946238055248156 0.18001388604731455 0.17260379254401492 0.060254540877246715
10 0.36979551318861037 0.21904061838967154 0.12326770710561054 0.022797952981164212
51 0.3938836058834089 0.4264836972414272 0.14244506659063205 0.09059525874479299
39 0.6389499973395684 0.41574356050986805 0.1664835281290936 0.0912947065389881
9 0.8241720674218703 0.41396358172533504 0.21861264609682032 0.07119887630160203