10 0.6335156777313034 0.4261094537793046 0.12296387294285328 0.058482662085065994
50 0.5390983404668774 0.5575998740244797 0.16546700066083275 0.09163599796321921
9 0.7237535634777171 0.5573923436442474 0.2349265786450489 0.09007517274178821
19 0.8051677217082079 0.834163906283887 0.24541360331177758 0.1529110555438153
6 0.4387854860335875 0.9159738534730937 0.22872288209279973 0.10897005917053039
5 0.5560903402572073 0.16473896927164705 0.20544030198630517 0.12227352675351717
39 0.7252414326970661 0.1400747808140932 0.1705266534458474 0.09666761213892948
16 0.41610546306979723 0.20483056913101133 0.1405466774517432 0.07368946554620592
28 0.3494209007421431 0.4477343055308295 0.14193246007701588 0.10013177323851362
31 0.7617332846268048 0.38176996628229304 0.17305647983835498 0.09918341922678459
47 0.4971314589650204 0.44325255424312143 0.16192933235903625 0.0698894216445948