47 0.3071173131016022 0.5192367988650644 0.15188983306238119 0.08044793576057703
31 0.45920213715824115 0.6189434789265496 0.16655065783830955 0.12164902121762822
53 0.6275343011826385 0.6120426810536864 0.20276218699196463 0.14893058101410261
5 0.765705705586291 0.8304320199590284 0.1883391100688877 0.14859488017243605
2 0.46153846153846156 0.9375 0.25 0.1201923076923077
48 0.6262019230769231 0.9038461538461539 0.3389423076923077 0.1875
6 0.8615518780482117 0.885554640954755 0.2558006392225428 0.17660379179252153
50 0.27755951840719256 0.22764406242606863 0.20990379961442918 0.13707920066570528
9 0.6855498704449853 0.14457953428007536 0.24847721941848605 0.157205172140919
11 0.36501939831113184 0.4845219099240388 0.094225495705703 0.08391282470160263
51 0.4925770813109408 0.4610449596664534 0.25796673752353744 0.1357943573174147
39 0.7248559088490201 0.41355953281864377 0.18811534738385113 0.11013334171089759