10 0.42713071419268067 0.47672507504435874 0.1275751014822072 0.06402931303140026
39 0.5052360087775474 0.610373643213362 0.17079166571178112 0.11736766832716884
51 0.7774897232265598 0.6941039387366147 0.20304931411786242 0.14118749658501883
31 0.60192332633161 0.6542729438666519 0.17571131895348258 0.12010770107689722
8 0.4323105643542712 0.6136602591646191 0.14104982439355523 0.09611977952110597
50 0.5096980546501221 0.8862276243628757 0.16905958516198907 0.13162265195230452
19 0.6923076923076923 0.9314903846153846 0.28365384615384615 0.13221153846153846
47 0.7477246844169009 0.31225385686229373 0.14680587071297643 0.06537405941492945
23 0.7884913638076667 0.5187659928124515 0.08218524082150061 0.11835975476488542
11 0.6114727886979474 0.49919959695223987 0.09274897944861411 0.08795022125459112
48 0.736670377296137 0.537904478719285 0.30138308455753643 0.14327162949291286