10 0.5889052881707261 0.4942804068814022 0.14557357259743592 0.06440996373284837
9 0.5663454855934289 0.6364135655631762 0.18476246288258563 0.0974513386769927
8 0.7637116409010145 0.6865157272343042 0.1726872819730769 0.09448768785310116
19 0.59375 0.9230769230769231 0.1875 0.14903846153846154
6 0.4303273277149031 0.8971945982036126 0.1735265340772436 0.13054538016079348
50 0.2926097251312493 0.8691222291134792 0.15921535743472232 0.13468130686443167
31 0.5287592138185896 0.18345319303684218 0.1899618061722223 0.11450218362193368
39 0.875554476707532 0.27540868231430266 0.16547574351153843 0.09415180505107432
53 0.6613613983230233 0.22452279410511153 0.15099671644818385 0.0910761932931741
28 0.7272393472364848 0.44417179550453123 0.1219287719190174 0.18337070115105683
11 0.8002479242182154 0.5125464306126568 0.08838481616762824 0.08335751670124754
16 0.4255007047885146 0.43252454444024646 0.12192676204091892 0.08011727746968138