5 0.339741469029101 0.5907664656120233 0.21064767687826183 0.14424402494015956
1 0.6811004847020463 0.5339466479003545 0.22196745985329722 0.12076536807174311
33 0.7314562487555658 0.8168431007859661 0.18016706945187622 0.16923084049034998
31 0.5711679490214882 0.8507867910568775 0.1506214678115274 0.14384884774378046
0 0.8609841619455801 0.8011818257340948 0.15083130214978596 0.15106038620531892
27 0.3871909116460464 0.8978693214371098 0.17389053677637442 0.11852614939156297
48 0.6462812783968533 0.08182929630643561 0.2946424027040381 0.1433549653227827
19 0.43830075187265993 0.13123335910368114 0.23384680106368913 0.11651748043409588
11 0.2721427263128058 0.17026464401730743 0.09818224475701189 0.07418997582189893
53 0.32165915301329123 0.4243149430567651 0.18047257222313723 0.09722741680897452
39 0.6148363284401841 0.3661285747945074 0.30638185435559084 0.13429938537744318