50 0.40152252420972867 0.6805121601073355 0.1627671098680183 0.12795546196439253
9 0.8336958997516016 0.6590385196638008 0.23298231327414953 0.1468458572564392
6 0.6174069851900061 0.6811550977510876 0.2513736409305976 0.12403975940596942
1 0.9074519230769231 0.9314903846153846 0.18028846153846154 0.13221153846153846
11 0.7572115384615384 0.9771634615384616 0.10096153846153846 0.040865384615384616
5 0.36452612801504153 0.23922190480449876 0.2328144249592851 0.14203816494874688
8 0.5900259736107036 0.24048102429224671 0.1274343805655304 0.07772190243348415
47 0.7977488055248156 0.24779634128404102 0.1505494563722391 0.052820049351166014
53 0.5942842503056766 0.49978831798563345 0.18149421415419498 0.11476474872930736
27 0.7563340052967116 0.5041767712184476 0.3016025776890707 0.12006317562540894
2 0.4022016855974066 0.528253042990602 0.2073489127444782 0.09963232572337279