3 0.37850906031047976 0.6248842435588773 0.14300178321632237 0.07143443429344333
6 0.8011244311897817 0.6107522170444032 0.19866787837101924 0.09467777960470745
47 0.6006760127331313 0.6205368279628742 0.1500874438057823 0.06443273017016356
27 0.4013212656033086 0.8994472909429851 0.16029025849086656 0.09836635544168743
2 0.8071516726963803 0.8872294971264207 0.21836019979940985 0.12167964553237126
1 0.6310564104583877 0.9157424019929329 0.22540390109817673 0.11227409525524507
19 0.3928847184052354 0.20964836195826825 0.28014689185763164 0.08263282518189381
28 0.6024896990484636 0.38032707452680753 0.11815392857034232 0.1620111955659825
48 0.4353323894825928 0.43913286304436494 0.2735647427564856 0.11848068315132756
53 0.5773271497222873 0.4528749896455007 0.2057535389604793 0.08767607548142756
22 0.7682231224995922 0.4464163688401209 0.20803150724224706 0.08053448179930865