16 0.34244205452012694 0.6032146557845521 0.16016796899657793 0.10070025681611429
8 0.6513179331982923 0.701249784801396 0.12111873518555291 0.08515806342232515
10 0.5101766546957704 0.6802961197387218 0.14756104287786045 0.08592745599593982
23 0.6658653846153846 0.9711538461538461 0.11057692307692307 0.052884615384615384
9 0.47716346153846156 0.9399038461538461 0.31971153846153844 0.11538461538461539
1 0.215672886810928 0.9087865095313562 0.23434028733516593 0.1532793694294688
28 0.8518859744374867 0.2678636649603557 0.16256363486353984 0.21841877357515627
11 0.4403834204742374 0.20775623982327696 0.10939335209106542 0.09201987798676606
39 0.6210677690557989 0.26235088921300587 0.20152309973653468 0.11390854883547669
31 0.5694014373218752 0.4967037786500875 0.16085361357097894 0.11752717989303736
53 0.40880695876080547 0.451117121423886 0.2268349011988842 0.14585799662967178