6 0.7176746571520864 0.35850326670975374 0.28384156431679075 0.14209497640732507
1 0.4295457691735676 0.5764034436122032 0.17375438736443982 0.1463819154712638
9 0.7519019367077961 0.48914318883218666 0.2196233627373456 0.15438338043983754
53 0.5587882083662807 0.5517854521723528 0.17547258894388498 0.12972308569228183
11 0.3483088362108128 0.6288255224442605 0.10218181362952682 0.09583413290789403
33 0.7957038065533175 0.7377649357823574 0.16453079964871292 0.1553249268948838
39 0.5331009705780423 0.829236319652307 0.1673795074581164 0.10758419041384297
5 0.42036916455300133 0.8898532267422146 0.220113108861918 0.16640261120906857
48 0.2827621313254351 0.2079420489155372 0.29109798724734426 0.20252731684936115
27 0.7073307350105823 0.11233590589609953 0.15717642749324495 0.09248874029900159
47 0.4909396966954135 0.187392363259014 0.1568825798185018 0.08527720183746314
23 0.31226131570730153 0.42520447922540217 0.08074309669474043 0.09912898553411618
8 0.3624747696412772 0.4576481656273602 0.140545402866151 0.09611977952110597