31 0.44491551008940294 0.5630752234176474 0.15776412284273178 0.10781161060066694
5 0.6288097408586336 0.5491405518523069 0.17719079052332987 0.11407652346421192
28 0.7199436356811899 0.7737165952591639 0.10943823656008024 0.15687102202616915
11 0.4019686508901618 0.870149347900339 0.07995950289542474 0.08034811299264123
23 0.4233318608345415 0.8914375895212842 0.06720156279589364 0.12012058219113633
9 0.7102221215540065 0.8901941260606688 0.24498822895559458 0.13119602617892667
8 0.7447617079843738 0.1400836989923587 0.09840667832687827 0.06257456431772454
3 0.5219386348635398 0.17505273410799133 0.1555112906696994 0.05252314906220539
50 0.5795656073696216 0.4057846827183598 0.1501607874815356 0.0976497682768377
51 0.8331713766003909 0.3865675866380537 0.12813437519726223 0.08639501053611881
51 0.7168297112011384 0.40141160164252543 0.08177565369978404 0.06610718863904588