33 0.44193513238747884 0.5877403846153846 0.17455940104293624 0.12740384615384615
53 0.5997366964941221 0.6177884615384616 0.16715206360475457 0.11057692307692307
11 0.7455190298315344 0.6478365384615384 0.09229717744699265 0.08173076923076923
5 0.6494088247318827 0.8581730769230769 0.17453142976055874 0.125
1 0.5103633601209036 0.890625 0.19619401642755163 0.12740384615384615
2 0.32145165242614837 0.8725961538461539 0.20578142976055874 0.125
6 0.7175836267932809 0.9326923076923077 0.24189506463300603 0.12980769230769232
28 0.5713198871982509 0.13822115384615385 0.1369649723351037 0.20192307692307693
3 0.7852070943911174 0.23677884615384615 0.16662060923958022 0.06490384615384616
51 0.5207297590339134 0.4387019230769231 0.22959612103999932 0.10576923076923077
39 0.7495007272437733 0.4735576923076923 0.18381115898741193 0.09615384615384616