16 0.6123371072717567 0.5442042204486317 0.13123430819124865 0.09080780731959032
9 0.8305775124912653 0.48932831544649785 0.2472902722269492 0.13733782408230305
2 0.4324743219324009 0.6011983249913999 0.23033747127794774 0.12894963253517666
22 0.6900458678881917 0.8376838478235088 0.2932151048941832 0.15495467366626167
10 0.8853448364194297 0.7904144445364312 0.15337243506417791 0.12116680084721419
23 0.7913810626880533 0.05872313906668693 0.10069761613302684 0.11744627813337385
50 0.3460881774489927 0.1858789636111039 0.1772850187305609 0.11563619536508714
11 0.7041292932078137 0.09961903194376909 0.09745458416532397 0.081242962686876
8 0.5400383653858828 0.14710706851145827 0.11415562937016852 0.07520807731092546
33 0.4396046715813679 0.3990231081214112 0.15859972027879857 0.1455414489815581
9 0.8156326742033423 0.31390632287336406 0.24281825424479947 0.1562324067171899