39 0.5937755662701814 0.6119093011826385 0.21213982375449775 0.10459607938308661
3 0.3543830964452671 0.6493585176879031 0.1470821407546888 0.07777617215977929
6 0.7776907747911342 0.6072336666140372 0.20007863748182275 0.09731461508247435
28 0.8003726750515606 0.8402668918589663 0.13091252056506109 0.19065904521584542
33 0.6667494359958771 0.8771007609803797 0.16189680237658002 0.14516777547436058
1 0.5307503211219771 0.9091409229619157 0.2171433084115972 0.13827789587256234
27 0.37918214691933616 0.9316566039188634 0.1616730396915433 0.10670623701282213
19 0.35685847114848607 0.22387774845713376 0.27937759022311615 0.09296843331267027
48 0.39634631673411325 0.46041884675812833 0.2650943649781872 0.11692298384424295
53 0.5489695697516217 0.46313655783265806 0.20724822043991672 0.09014503212438012
22 0.7449879200486944 0.4439679205019059 0.20961011109031838 0.08294747883065658