51 0.5674137147106423 0.5830652772264971 0.32151950897901355 0.10890401098683834
50 0.38263385077373935 0.6235767376398069 0.19853155823320195 0.09714870254611932
33 0.42549083392610143 0.9078870360915694 0.22104771664204748 0.11916095154697032
9 0.8238171185122122 0.9129620042511367 0.23856028429337156 0.13628158965874293
19 0.5895177326114679 0.1809516208831042 0.18170463515627888 0.0968549875112695
11 0.32313158104665984 0.1964264098423161 0.10149616905512569 0.07383571553379066
0 0.7877860656913184 0.17628805632402259 0.1283302736470911 0.08391265234679644
28 0.3913575205607129 0.3948966583442261 0.11051567803413935 0.1772850187305609
8 0.7631170158516518 0.4268964660390686 0.0842774490785449 0.06392661588355622
16 0.3569384326986165 0.4652585658115035 0.12553463059358735 0.07425530844071887
22 0.5479952273169286 0.4607208791245003 0.21177924445730548 0.06855430444412255