47 0.5475496790383187 0.49956238997193697 0.15186187692797185 0.04399444734334519
33 0.3782052380281782 0.6048004853346872 0.14054192821818118 0.10346069999619321
9 0.7631143211085276 0.6501977081358569 0.20061011078195753 0.10420635980887602
3 0.5529456103412549 0.6535975141760826 0.12323949334083882 0.061713453710180596
6 0.3804437826837008 0.9004105721384335 0.17933912206825092 0.13432253766092556
27 0.5211107396072673 0.9113861853308803 0.16203668719090858 0.09257529137491306
50 0.6561957415658728 0.23618970183891155 0.15247724514027922 0.09687906272796057
1 0.4015139200288798 0.23365310423313665 0.2219370420604191 0.07889787426451872
23 0.7190330810850323 0.47491613088236356 0.06862234257943975 0.11650821591328167
5 0.40169741749496235 0.4558828932252447 0.1789475241149644 0.10066869150707938
11 0.7998556257038433 0.504376853492897 0.0849737538559437 0.07652469296852506