23 0.43990384615384615 0.5133698097736616 0.08413461538461539 0.14629092541109046
9 0.75 0.4724318824892692 0.23798076923076922 0.1636569692397215
3 0.35096153846153844 0.5987551067467044 0.15865384615384615 0.09227772308289116
48 0.8377403846153846 0.7260870053297914 0.20673076923076922 0.2837022079331847
19 0.5492788461538461 0.8241531452007825 0.2283653846153846 0.16527591842350922
50 0.26802884615384615 0.15480368926730664 0.19230769230769232 0.1382940932473274
8 0.4963942307692308 0.10731623238225915 0.09375 0.07255659161191826
27 0.7295673076923077 0.05823440393525926 0.17067307692307693 0.08123961352623386
5 0.3425480769230769 0.3770861223647365 0.20192307692307693 0.11984822098661688
53 0.5228365384615384 0.357561611868444 0.16346153846153846 0.11190094079868974
39 0.7223557692307693 0.3160346151243418 0.19951923076923078 0.1196519967441022
51 0.3557692307692308 0.41567035056936735 0.31971153846153844 0.1631170550236819