9 0.714113923647183 0.6533249154736966 0.2183074038787762 0.1262446799355169
31 0.3294031572073345 0.5849675342247452 0.20405221527056347 0.1309684612363204
6 0.5107103863020128 0.6256938685171313 0.2396901867910952 0.11915900798431167
1 0.6911057692307693 0.9254807692307693 0.2091346153846154 0.14423076923076922
11 0.5296358623653383 0.9443782984994317 0.09925977997883337 0.08950171440489968
50 0.40853553804591924 0.1778932106788216 0.18182999078392348 0.11401567164906422
8 0.6351800674339463 0.22850064777507348 0.11781899595014576 0.07038282651664875
47 0.8171435825822388 0.28485897465136695 0.14110196007171866 0.048888062810181286
53 0.5383470089430223 0.45394473502746446 0.15016026999676305 0.10181463369824109
5 0.6407470357479379 0.48219032801273143 0.18423383693776976 0.11402965681687888
27 0.7517703844848954 0.5044752537007349 0.17576313611474986 0.07793000900574235
2 0.3690857154904487 0.44694916531190587 0.20270910875165007 0.09250692277478205