33 0.32294711616268484 0.5872548180742014 0.1680784671203031 0.1445979131862856
9 0.6999693840692761 0.7303086926447234 0.233569922376174 0.16634295563921106
3 0.4847564763484555 0.6814630383144584 0.14244506659063205 0.09710331056839294
51 0.5048076923076923 0.9362980769230769 0.1778846153846154 0.12259615384615384
39 0.6310096153846154 0.9591346153846154 0.19471153846153846 0.07692307692307693
27 0.371584892519359 0.9199336323112408 0.17503817310954545 0.13793283243319202
6 0.24033871186828953 0.8822710102205235 0.22222224486639985 0.18466296202257235
50 0.7161973113265425 0.30011130739100267 0.19452077481261107 0.14660159145058288
8 0.4549488451800428 0.22367521641738555 0.12519842272654855 0.08380901181279107
19 0.4426968277337687 0.470998141409317 0.2795787759289793 0.1794192390747458
53 0.5709515531289674 0.5253055340074759 0.2010607600146927 0.1279172799282584
11 0.7781554528926449 0.5964412690908345 0.09917583582140128 0.09382456431772454