47 0.33696956904325404 0.44534306403111196 0.1442613036424536 0.07383828044728948
31 0.4204974785811921 0.6029790977927107 0.165590676809025 0.13449399252879957
53 0.5713788820443491 0.6579013605166188 0.18465355772493006 0.13024585845646322
5 0.5930325432242175 0.8991602856439781 0.1871413480362083 0.13271964938972866
2 0.26868120076985086 0.884910048114652 0.2311660762223278 0.1556132708038954
48 0.43028846153846156 0.9086538461538461 0.3269230769230769 0.1778846153846154
6 0.6466346153846154 0.9555288461538461 0.23076923076923078 0.08413461538461539
9 0.8260607090652929 0.28993081084827954 0.23521827111313123 0.13411854497811906
50 0.4421054400423333 0.19092931674635388 0.1941010540254505 0.12571794526644897
23 0.36247705333677704 0.40397520413299937 0.0834401867910952 0.12009663925930539
51 0.52006633031688 0.47353037811824283 0.2351343269556993 0.13171469882427297
39 0.7404494118479952 0.5364906548299321 0.18895758508802957 0.1159626710922253