27 0.41018383583347695 0.5682104408121371 0.18423383693776949 0.11612771603273149
9 0.7320740928494393 0.6034323008293361 0.22286326371417212 0.12160675699150922
39 0.4289566907877805 0.8561684677853616 0.14236112243319982 0.08656825424479947
48 0.7171931016498966 0.8919777578722601 0.23482908473765518 0.1890822864619728
5 0.2898960953673058 0.882619588538661 0.17039836911671724 0.1327028833654975
27 0.8262438645859992 0.2114016645911262 0.131570519613766 0.05274657092818209
47 0.6007020469116212 0.2033266071470215 0.13621032360659427 0.048022797201875494
23 0.35170171772318537 0.38544911089161277 0.07597681585726061 0.111835701797708
50 0.5810858698947867 0.4210844805235626 0.1596077662972835 0.0988812000488802
0 0.7172236870109807 0.4439331855694559 0.17386295490549594 0.09432526348534481
8 0.4019573593545322 0.42541237075710153 0.13713370933834723 0.07446510489418319