16 0.42638657663383633 0.647786956282549 0.15217336769071382 0.08034686812165202
8 0.7541756938318094 0.6692826355404544 0.11337594642714831 0.06977038106296263
10 0.6124343984190669 0.6844134637140302 0.1418862174712751 0.06508255404928757
23 0.8846153846153846 0.953125 0.08653846153846154 0.0889423076923077
9 0.6887019230769231 0.9543269230769231 0.31009615384615385 0.08653846153846154
1 0.4230769230769231 0.9567307692307693 0.22596153846153846 0.08173076923076923
28 0.7787704679640159 0.1950182820278475 0.12456541197335451 0.20721023040683745
11 0.368891679390766 0.23576816153155203 0.09699686708626132 0.0779136006670938
39 0.5597175462865127 0.24647813448903028 0.19555455939395364 0.08653628144729303
31 0.5997038130665632 0.4881845382445858 0.1482613628550937 0.0991570187777775
53 0.4307364834234499 0.4841750411806972 0.21372501367898494 0.11685460030470046