9 0.7351845685898554 0.5067282395808418 0.22959866699135306 0.13816076091869817
8 0.3759402094125675 0.6056444416704874 0.13239564914621413 0.0965027448158152
39 0.5571729254731925 0.5626919114775817 0.17883811864290558 0.1256052063108384
0 0.7812274574181503 0.7800203651383547 0.19382075380133848 0.14567602411088607
1 0.5973239779127926 0.8735236686094695 0.23674026067347198 0.13617693904949135
28 0.6754144375420142 0.08830914806820227 0.12282448565666634 0.17661829613640453
6 0.33558857137083575 0.2192315387873254 0.22607570436679472 0.09955921436227996
3 0.5239628811135796 0.1782628304636266 0.1485231244289421 0.07344433994151202
50 0.34047343463927654 0.4637238060052343 0.16681888787367496 0.1249051658364396
53 0.5506921941048943 0.4142834863660791 0.22917899831483596 0.12373768399562124
27 0.7365227681349531 0.37826247844495237 0.1971596057412213 0.09547527106987658