19 0.7458944463128484 0.40799401931987467 0.30979091162810973 0.08521285688803158
33 0.729197269010884 0.5166330792274032 0.1471688147408924 0.09590806993549555
2 0.39752373906467287 0.5798678291233773 0.13629426776402637 0.059065480657744536
47 0.5988744740915674 0.5815119510272485 0.17028389054760085 0.07142800466833463
53 0.43473760378116144 0.85164971187292 0.1573718084583015 0.1135198899824772
9 0.7797314989368006 0.824693456148988 0.2011447041721248 0.1314750032708183
8 0.6030907787078242 0.8403178610507394 0.10381563981422942 0.08997218741638537
5 0.766792610075828 0.1435219855192105 0.1754273594850215 0.08143583776874852
48 0.6153503023835203 0.1558841127976347 0.3100427441004061 0.09242439534957005
3 0.3803609884086218 0.19194101164099545 0.14831349853325712 0.06004660187031792
50 0.5214553403521192 0.4010024892583543 0.1567002551988448 0.0942891207517081
31 0.37739245943621413 0.41758363611692684 0.1712072762793538 0.09787031236064217