33 0.3786057692307692 0.6157868307178346 0.16105769230769232 0.12206638361160725
5 0.546875 0.6066173024898636 0.19471153846153846 0.12486182771874009
8 0.7355769230769231 0.5936042491309137 0.16346153846153846 0.08363281643244655
1 0.43028846153846156 0.9240796789159467 0.16826923076923078 0.10772722053566333
27 0.8545673076923077 0.8806812091147607 0.17067307692307693 0.10775519181804108
6 0.5661057692307693 0.9249031476154581 0.14423076923076922 0.1146590461734256
6 0.7331730769230769 0.9145456819517528 0.10336538461538461 0.09495276514223697
47 0.5 0.21413389634238078 0.13701923076923078 0.04486359386475441
9 0.3942307692307692 0.4593550173823801 0.25961538461538464 0.1208093600352431
3 0.6262019230769231 0.4494442501714025 0.12740384615384615 0.06157863181216701
11 0.8221153846153846 0.4267318983499352 0.09134615384615384 0.08038983180727208