33 0.5617940318406489 0.5844533954856842 0.15281594862290546 0.11164198562029923
11 0.38266552130039433 0.5814870331119127 0.10141179366038326 0.08402472498215825
27 0.715334892519359 0.9067955954793275 0.09850428256194459 0.06954569791880352
53 0.3195397187090645 0.8735253607950322 0.17727413094852743 0.12422071779230766
27 0.6163994515032223 0.9153189474202463 0.08408120563886766 0.06920999707713694
3 0.49877887827962486 0.9077696982389427 0.15454824151729477 0.0924671665298078
27 0.6867939808912491 0.9662762977824259 0.08108975038299676 0.052327123859935924
0 0.7902434115628653 0.20845131765593017 0.19532968197524744 0.09101447276068396
47 0.6123168240995338 0.20551293035229753 0.15792888314864173 0.0517136821949788
1 0.7442536038053128 0.4575840904816246 0.1760989127444782 0.09056687163846164
50 0.5908271707463194 0.4419840507346159 0.19102565461214766 0.10532564940320527
8 0.4036209752973318 0.42920647825448754 0.1589362130378268 0.08055983604113265