47 0.34677204061695477 0.4670671913437653 0.13920177886246504 0.06329715456544335
33 0.7215507425563429 0.5317348923550588 0.17702229847623102 0.11398770131343465
2 0.387656521976992 0.6054981227071411 0.14409341532758943 0.06572897105491922
53 0.46375164594217944 0.8919404071297403 0.1897130825049185 0.13328839638327794
9 0.825095504103023 0.8471771674697746 0.23829367052643408 0.1479911766626506
8 0.6373589388365689 0.8737235625655438 0.12131411615060919 0.10164681168446339
31 0.3150641263404891 0.17847978637189366 0.1914453753993081 0.11407161232032337
5 0.6942689423403147 0.1290137431628466 0.21771979477675146 0.10941775685859381
3 0.5551969092528082 0.17266676469183487 0.14839744269068908 0.05133386446747187
50 0.48434834607652577 0.41499371569240806 0.17162699706651424 0.097132807900882
1 0.68791977173656 0.3945478395720504 0.21042431215778107 0.10697195520130319