10 0.8069634641988931 0.3956035913381489 0.1386981139178725 0.05445869631543669
1 0.6217642694506545 0.5446256613888247 0.12139806030804114 0.1088514703818262
16 0.4451922261732682 0.5840488095714826 0.11317919195731777 0.07966943373364516
0 0.8140719617583467 0.5356687866681038 0.19384922155315437 0.12182568301748116
28 0.47376362126366267 0.8311114920174199 0.13129581180740638 0.18611043010693004
39 0.820196004762679 0.8413754447454255 0.16799452296287115 0.13742103582030515
19 0.6281248777214408 0.8779205697683725 0.24989318050850456 0.14603539988430386
23 0.8138087425684185 0.09649268658531625 0.09322345972134426 0.12673870840448725
53 0.6575015032838605 0.13977185913658977 0.17618285690191016 0.09700349494095652
50 0.3606951802354503 0.18599497709662124 0.16382784950295118 0.08682830565552689
48 0.4375953308750641 0.4236069024008398 0.2896672910772719 0.11668873576245695