19 0.6532471956955658 0.4713576859838472 0.2820471545654435 0.1566861466283431
31 0.30413789061433855 0.6075941069881279 0.18828316939762857 0.14772666185479283
48 0.6522970056393091 0.5147109634020486 0.27008386446747185 0.16546106475402203
33 0.33956785308066384 0.9105292623554136 0.16420275235572268 0.13883419041384298
3 0.5184795769445173 0.8679582347357223 0.16163108418809896 0.10981994326974788
22 0.7610302906301273 0.8101154270282837 0.25807861886605604 0.16702444441816247
23 0.35674819251626655 0.1433914226739434 0.08726569026483097 0.1310513587258807
50 0.19473331756841006 0.19680502797727742 0.18097373476138662 0.13039545888404636
53 0.47450868371909843 0.13034715876713568 0.1953688413488338 0.12659632636400084
1 0.6198015243486428 0.09613905270323574 0.16402094517413046 0.10758419041384304
9 0.27778568515767754 0.4182533173857405 0.2580086930269819 0.1550052136489317
5 0.692183428507658 0.34358414656781855 0.22677267819479688 0.15522384692954325
47 0.46652956373804505 0.41226953195890026 0.16147724734213617 0.08337763557744046