6 0.6609828115487184 0.5146171191386797 0.14288997574220075 0.057250307231442414
5 0.6129078983498937 0.6138617946612562 0.172407531271688 0.08845115198777223
11 0.820114243773024 0.6511697718252102 0.08754556406346153 0.05033330349975911
9 0.6848284624133552 0.6629196405846698 0.2765562178509616 0.1305426405697492
31 0.4322847409088145 0.6363064797360141 0.2573813987604701 0.13137669278347794
28 0.796875 0.9134615384615384 0.11778846153846154 0.16826923076923078
39 0.4084191544864323 0.8994786767045807 0.15379221358397452 0.11332366573996265
28 0.8533653846153846 0.9230769230769231 0.12980769230769232 0.14903846153846154
1 0.8209134615384616 0.9699519230769231 0.2283653846153846 0.055288461538461536
22 0.5456730769230769 0.9519230769230769 0.19230769230769232 0.09134615384615384
27 0.36658653846153844 0.9603365384615384 0.17548076923076922 0.07451923076923077
48 0.3521934464866988 0.13311793497819213 0.2042190425525643 0.2182096890517945
33 0.7124356736610044 0.19971307461875065 0.12628685322638888 0.06549212214922437
23 0.8894260917402245 0.22735671028973273 0.08223633037136743 0.1314754000029841
51 0.7046936138058761 0.22787244361610315 0.29047574351153843 0.11008537064022186
53 0.506516181464263 0.2176935589932583 0.16497219224903859 0.07824709464484372
19 0.8435622140214213 0.47313788907566734 0.18180112520406 0.1827898247153164
50 0.6011094533246264 0.46774231750476264 0.15099671644818385 0.09630051842052491
0 0.4196190687092418 0.452927387194905 0.1891785042083334 0.08742087553152882
8 0.43557976955090855 0.4686259216943273 0.15552465805448726 0.08467373613632348
6 0.7953743956029918 0.5159902921041166 0.14121348141196569 0.08830408298892774