8 0.42858871915893065 0.6179869352144097 0.14255745212033916 0.08179183805413796
51 0.7736834759297833 0.567448977648482 0.19269130892046576 0.1339514904335488
31 0.6100035967839084 0.5966385162525853 0.1654654074288424 0.11379733547102674
10 0.4338902477346374 0.6651137676867059 0.25823591517969796 0.0930326960724166
2 0.7305326451026778 0.8584250112941726 0.29394669505674753 0.14468868350723504
39 0.3783507243643021 0.22625539396195044 0.20373104744055198 0.11033274968224777
47 0.6088975243057543 0.2102335994582531 0.19004667984777568 0.06904764427970271
23 0.7363626155023841 0.3904152415052191 0.08662823047649172 0.12304640904499865
11 0.5705992702553562 0.44119742341522195 0.09727617209692009 0.08981228367831279
48 0.6938320940634539 0.42985357544425834 0.312785667387859 0.135744852151307
1 0.4066255434347379 0.4775985004808639 0.23257720128670584 0.11134007957143274