53 0.7747921654889336 0.593936878272292 0.1648142023285559 0.1196496437324783
48 0.4371562261570935 0.6277748825495006 0.30082966789273813 0.155465425360968
2 0.4675480769230769 0.9278846153846154 0.21875 0.13942307692307693
47 0.6375014080746969 0.9263154661065516 0.14418335214898903 0.09392870789544142
8 0.8605809263207552 0.9171332306249985 0.13526800800800323 0.10510670151538412
5 0.7041857934068129 0.18238392409259124 0.19578418613879642 0.11757597215997115
0 0.4151286597544202 0.20851403799066875 0.19268029951055146 0.10534643210341849
31 0.7184666190845491 0.42757623178489895 0.2278742347080751 0.13473306981823321
9 0.35799414129117074 0.45941629783254917 0.21839885818757024 0.13629567882279156
11 0.7750851575243686 0.4552498838548419 0.09837026713103224 0.0875289852824784
6 0.5415383518232021 0.46949534292806167 0.20724338452850796 0.10901213398119622