33 0.35880058773472273 0.6586386298974036 0.17375033463835485 0.1381715736392165
5 0.5253363690943915 0.6416362103773952 0.20270838876506417 0.14398659583609386
8 0.7099289716780454 0.6264652951150504 0.1680474400862179 0.09954214686281386
27 0.7899043460634089 0.9150832842244214 0.07334628770149584 0.05540294010757772
27 0.8895520611674688 0.9137592744501606 0.11779047141655988 0.1073947041721248
53 0.4543269230769231 0.953125 0.21634615384615385 0.0889423076923077
0 0.6766826923076923 0.9399038461538461 0.13221153846153846 0.11538461538461539
0 0.8314411323621269 0.9453564887469206 0.11013133183279923 0.08791210246905916
9 0.7055598360411326 0.1807616939701691 0.2626366921903846 0.13887366131035755
3 0.26445607668846177 0.26863938153933387 0.14562952273771373 0.06513280329207899
47 0.44175321560016045 0.24961086457392362 0.16508409252959405 0.07541974116692031
50 0.33109739200806665 0.5003472652461597 0.16391114946185914 0.12822041239410353
11 0.7839696114377674 0.45371271100082394 0.10057189735769229 0.08998017199317711
39 0.5052923129514961 0.5028274474292167 0.18029047141655988 0.10957725226535905