9 0.7383834745422548 0.597987264605427 0.21847225917670945 0.09512249000850864
39 0.5475854310830133 0.6078726548415007 0.16273619651602572 0.0749266570918043
47 0.40106271597895354 0.6101208304169303 0.1212553603575855 0.047771041457718426
28 0.675301022764584 0.8299645017437581 0.09995845569273516 0.1651399100892516
11 0.36523384892761823 0.877415388983652 0.07614178483728637 0.07101227647301628
23 0.38499614449102637 0.900587601770733 0.06266986029893164 0.11162590534424383
8 0.7233658865729168 0.2108631356094641 0.0877693646245725 0.05439514984955725
51 0.6904993621391563 0.45057640234299423 0.06602284895940176 0.04920982392562961
51 0.8024460587138358 0.45973904782174924 0.12209461246175234 0.08382873376541074
50 0.3878105722455132 0.4537029932541591 0.14367327770608979 0.08180252122780018
19 0.5839478343450858 0.4667380600610093 0.2659896808508547 0.07192321428390368