47 0.4974928272128911 0.4698220971167205 0.17991301398778112 0.07385184884209418
19 0.6541882195429911 0.5408224986827463 0.285376741985751 0.14837308948942343
31 0.364165785371305 0.6290883799964746 0.23001833566787006 0.14468239010918837
48 0.6373042135134399 0.5837280535401714 0.31697646588284856 0.16111967208226516
33 0.3233173076923077 0.9362980769230769 0.15625 0.12259615384615384
3 0.5037838122510512 0.9149812367004811 0.16873312057158457 0.10241825198685899
22 0.7381459504242597 0.8795430156920413 0.24217745599593982 0.14976983311826933
23 0.36975414154353675 0.1890166834217952 0.09010564528885659 0.12461035889615389
50 0.2051035418318667 0.22607745849829078 0.18824366892003178 0.11248123772446593
53 0.4864455971742045 0.18812449599449826 0.19326119556598265 0.11980467646656
1 0.6252263092557144 0.17211085982970137 0.15410020931024895 0.09487101268365396
8 0.6482099634574209 0.4155986981216352 0.10821729804891361 0.0865964215568377