1 0.42571127323658337 0.5989733298519764 0.1854797704589273 0.14212066434244633
53 0.562285642350257 0.658038810509721 0.1784641304472177 0.1463396839225946
9 0.7480898830053195 0.7199249650620932 0.2267369519739699 0.15507186108058044
11 0.34922896782562146 0.6035114617838147 0.09977796747568081 0.09679127739289448
48 0.7403846153846154 0.9122596153846154 0.22115384615384615 0.17067307692307693
50 0.46569710634503464 0.9041145240255104 0.16173515659520904 0.1473699603788379
2 0.3077554371435393 0.8792426053715688 0.18116182427580726 0.15374744662664788
6 0.6538297932723852 0.2881650200708546 0.09649257829760452 0.07496043776576441
27 0.8764753200344556 0.372225307491716 0.1397618090668353 0.07849247413102844
23 0.781511126527206 0.5405684694925349 0.08844438128085103 0.1126370792572443
5 0.4319290575013542 0.42817756318580713 0.19190771512115007 0.12347856783922112
19 0.807165750276756 0.5821941734561432 0.1927892581453802 0.1451131832238365
51 0.42623573202598963 0.4648485058428785 0.28001336425824286 0.16900417903128767
6 0.6484894618884022 0.5392934086483554 0.211236433576834 0.12745220793318468