1 0.44253027910006026 0.6069711538461539 0.19465741258649089 0.1346153846153846
9 0.7633537387649587 0.5432692307692307 0.2212255981508771 0.14182692307692307
53 0.5701858809980634 0.5925480769230769 0.17521684690225733 0.12259615384615384
11 0.3694288511533941 0.6634615384615384 0.1098934078414831 0.0985576923076923
33 0.834857983896483 0.7848557692307693 0.15147210039864561 0.13942307692307693
50 0.5882600399659655 0.8653846153846154 0.14877453920994965 0.12259615384615384
39 0.7210170492065108 0.8341346153846154 0.15366615009902773 0.12740384615384615
2 0.4575502229083774 0.9170673076923077 0.1435472539953291 0.0985576923076923
8 0.5000392295218786 0.20432692307692307 0.09007520854101408 0.06490384615384616
27 0.7243731687073883 0.15985576923076922 0.12124128995962845 0.06009615384615385
5 0.36609854708094247 0.4411057692307692 0.19866787837101937 0.0889423076923077
23 0.7112332036738059 0.36177884615384615 0.07860144855079007 0.09615384615384616
19 0.7636352872154537 0.3894230769230769 0.18993363886018408 0.13942307692307693
6 0.5982375380898677 0.43149038461538464 0.20136543955971534 0.10576923076923077
51 0.3833091870662785 0.4879807692307692 0.2788759465524919 0.13942307692307693