31 0.378179498551837 0.5937387287090752 0.17753347357218546 0.12275454087724678
6 0.7590491058415727 0.5850563273249291 0.18773259910797926 0.09185426477434433
47 0.5479425228581954 0.6043976493702901 0.13288787039504732 0.05666163347326885
50 0.4742074340317093 0.8609189887737603 0.18220115778499804 0.12049058428223976
27 0.3200231142188011 0.8918027899592068 0.1351279999131235 0.09512317193480732
2 0.7380704785752671 0.8628404476529988 0.22759421851831535 0.11701184278351807
19 0.3822600771185491 0.19405790232904663 0.26862331976946996 0.07980931035153069
28 0.5799721785000184 0.36348844814002823 0.12915282576461282 0.15734339281712934
48 0.3925077413113535 0.43013730068869765 0.2557403318900704 0.10583194936732127
53 0.5469257818074714 0.436443170108447 0.2039994898053834 0.08272849361489612
22 0.7409254255241661 0.42239915382671495 0.20838715782843636 0.07565684471219679