47 0.40104173459919956 0.500346272768464 0.1415216808588791 0.06171848822405511
33 0.7658311327535691 0.6512126429760886 0.18182999078392362 0.11505064412671227
2 0.40744819543691196 0.6493707486657366 0.14641331732400348 0.06417827694265664
53 0.41399966925542514 0.9402780902046876 0.19127748708444392 0.11035483694853045
9 0.792033096590012 0.9539154450252495 0.2404151497962996 0.07248069541692158
8 0.5937157888977043 0.9562230758214021 0.1226266882578382 0.0711101025804189
31 0.44239929554274526 0.20407181327426846 0.19625306770700027 0.11521847182097786
5 0.8393849547629311 0.2439416911693059 0.22476344492342604 0.10593874259412447
3 0.6870345285447127 0.2541313291387455 0.15312119084094944 0.049839113866712366
50 0.5542583072646128 0.4805272645424509 0.17635074521677432 0.0957639323311878
1 0.7656021756153363 0.5069259311805641 0.21514806030804115 0.10582685746461405