6 0.610992281986017 0.4412565700229987 0.12094753231650301 0.0726061192037939
5 0.5931863640258777 0.5264695036346067 0.17405591796013936 0.09522588857654012
50 0.35196345223524805 0.5107010724650018 0.14769752411496453 0.10074292696709009
11 0.7330281681193045 0.5847655364738601 0.09464508103608328 0.08293084990203617
31 0.6070220440190248 0.5760260000993823 0.24206289232727174 0.15963531533066472
47 0.3596216891495142 0.5750657595053515 0.1666765518043352 0.08034067527046646
28 0.5873700214219634 0.8198927798648364 0.13688105848797086 0.20333808427747996
3 0.426606027579236 0.8049734411363818 0.1259789948832163 0.09214497935656087
39 0.2921165137345506 0.8027826792600157 0.19387408412083834 0.1469390214953011
1 0.4536209044949706 0.8572884567964323 0.2227482092493698 0.15119141318113477
27 0.22754748090392168 0.8813841147457188 0.1648041600156636 0.12585970673254437
2 0.6354181311511948 0.9225040786835887 0.18347550359888076 0.07901514734361278
48 0.38342660511433635 0.09353691572252003 0.23314678977132736 0.18707383144504006
33 0.7177981343338473 0.13895953827696664 0.12829892718992972 0.08508748635602158
23 0.8867518194560154 0.17257048712269413 0.1000961128384607 0.13852740236249564
51 0.7042273394579734 0.16985486523553783 0.29248771899328574 0.15806257770395055
53 0.5195367692062949 0.1468605965016882 0.1741118605248946 0.1000335808842325
19 0.7771094081428 0.4089928178294553 0.20882861540908976 0.19353637118437178
0 0.37755431994566685 0.37574715631655065 0.17894752411496453 0.1027455179600766
8 0.40261289122559707 0.38975467897606164 0.16214857232041907 0.10407104588692999
6 0.7358384399329402 0.44646735989720676 0.15264507283454465 0.11307024865831886