48 0.4580090792863028 0.5375648066532597 0.29573414574644563 0.1495803199723593
11 0.7820399123167833 0.5467070097863365 0.09403236688398063 0.08011295490549622
6 0.36673543193054936 0.6117520903315726 0.14923688426501008 0.07963982437258793
50 0.705464100639866 0.8694825099941461 0.1694749833849645 0.10915753147819848
51 0.8613783240101376 0.8544107551456759 0.2024878106910382 0.16072957475558497
0 0.4334250316739324 0.9018467103242263 0.21333182325621974 0.12749544938889912
28 0.6227258996211125 0.08886214212428639 0.13369965796125255 0.17772428424857278
5 0.8001640893456935 0.1008202531207488 0.22518316571058633 0.12310747786836732
9 0.36379733547102666 0.1485500128503115 0.23214287169982853 0.11614777187912508
8 0.7689942549137149 0.37989153456632496 0.14683303811116405 0.07955588021515599
22 0.5607410531821363 0.4124350608783012 0.27929640904499864 0.0913843473354591