47 0.2958961625449378 0.43519657953041757 0.15509573461348122 0.07147372925132768
31 0.3720310327745697 0.5888198051828646 0.18000583620328664 0.13422547079272626
53 0.5228536608928558 0.6483022749473393 0.1996145461500395 0.1416607795132854
5 0.536508974361056 0.8926003436688775 0.1850654889883014 0.1390891056651738
2 0.20920284591235355 0.873157263624334 0.22150112201197708 0.14672021336237642
48 0.3762019230769231 0.9050480769230769 0.31971153846153844 0.18509615384615385
6 0.5817307692307693 0.9459134615384616 0.2548076923076923 0.10336538461538461
9 0.7833321243439256 0.2676859416466384 0.2500953153808085 0.14224817644321527
50 0.4067948074317813 0.17791595492824916 0.19164712625653393 0.12715378874307576
11 0.36111495929543685 0.42994218876999757 0.09562948196063313 0.08279367796111824
39 0.7014686036612277 0.5216964524065689 0.17849407333935283 0.10537931694657242
51 0.48074546672341134 0.46500858468391293 0.23706824270228866 0.12287755080055796