8 0.8143284289495197 0.5436547845642709 0.0858131195929488 0.07750697575034812
16 0.6653179424811971 0.5544075262231292 0.11203162672414525 0.069586091205952
9 0.479299616259509 0.578365280219779 0.29265578910427364 0.09556257770395053
5 0.8307697306787936 0.8363078334895059 0.18062617225822647 0.12918782565238401
9 0.6134174792466888 0.8586624092483728 0.21947936170170942 0.1484794761052906
39 0.4179236437603106 0.8892459604736338 0.15116456686901714 0.10089697242808936
31 0.4199497448556625 0.14883090447794992 0.1652519429504275 0.08739816827100591
6 0.7160983979711006 0.15031600508277068 0.27007002133493596 0.05331078393957533
10 0.5541185332878741 0.17273330446943097 0.13254723930320503 0.02289557727801948
28 0.4574371805575858 0.3630974446006178 0.10761759527649581 0.18931626251526282
27 0.7746339775237717 0.38971546647925526 0.2800211067919874 0.06835004270664796