6 0.7403302774236551 0.43821816058692037 0.28432513420895644 0.1285960055976787
1 0.44341412327536006 0.6238542355390337 0.19074295622273388 0.15307568301748103
9 0.7771991094646056 0.5793206515201325 0.23159435567030384 0.15257517274178822
53 0.5803494430377021 0.6158129318544704 0.1834335215864919 0.13591287713853115
33 0.828044294413709 0.8508466198980863 0.16902442983122976 0.1376449576883232
39 0.5627968939447083 0.9033787828439367 0.1713163946425575 0.11852614939156271
11 0.6721019681056345 0.896453774572116 0.09900521767776602 0.08151347521744648
5 0.44471153846153844 0.9326923076923077 0.1971153846153846 0.12980769230769232
22 0.7247596153846154 0.9387019230769231 0.27163461538461536 0.11778846153846154
48 0.2872184612363204 0.21284258191630315 0.29185833153023516 0.1842203499381673
27 0.73399820182415 0.17597500794967155 0.1398006764540763 0.0713975803263688
47 0.503543637330752 0.21931329674634492 0.13497899897856933 0.06876981230450466
23 0.32707152389543115 0.4538166491681396 0.08474996276846639 0.1096878634595462
8 0.3705225618462542 0.48708194598030186 0.13992654296440948 0.09303219571098417