19 0.7130916165210534 0.448752193786511 0.2940244298312298 0.14004887951440692
31 0.3530391372371851 0.5514880481705546 0.17615205728587952 0.1215125388771576
48 0.7049998138423322 0.5043344598759847 0.28684086170532086 0.14460473934980284
3 0.5482549430952057 0.8379997742665025 0.15918528253080844 0.09688646823667131
33 0.3681133258187996 0.8695359706892934 0.1425541518032925 0.12995270528849298
22 0.7932724361898285 0.7993893932853526 0.2316223260059334 0.15469325449809573
23 0.4249151712894194 0.09455885621323684 0.07765030564944635 0.12768621303782673
50 0.26886096363882656 0.13366907260016855 0.18815730288729549 0.11952841351047194
53 0.5475392954712028 0.09508539649189277 0.1953268858453896 0.11256870752122974
1 0.6928670990202842 0.07197792881340542 0.17595626493647223 0.0878586927233115
9 0.3399150782105855 0.36200392280386884 0.24351569026483097 0.13347835990064064
5 0.7448442812072366 0.3274266399688701 0.23874995346058314 0.14052201004731493
47 0.5227472375810411 0.3796626283774919 0.14455242809050958 0.060325110984386754