5 0.39058809546831785 0.636680386527993 0.1962779302746845 0.1448197839469383
1 0.7084823426406258 0.6004881527659809 0.21525695796405514 0.12419301047161223
33 0.7692514913944704 0.8679347554169254 0.17254715284237676 0.17000228925263464
31 0.6266142431939107 0.8940927773704328 0.16997547899426488 0.1554532320908963
0 0.8891920575453796 0.852599151965368 0.16293176822699215 0.16949836829798998
27 0.4468852073030013 0.9327211825477691 0.1599684964255936 0.12129546498240547
53 0.3196992369509778 0.22215823765711884 0.21774471796503428 0.13153052917181185
48 0.6625961128384608 0.16685610409335658 0.2732569497625165 0.15365884389178763
19 0.4709317600254534 0.21206614653892555 0.18861885129510425 0.10598030476941635
39 0.7112481313347528 0.42525934401253396 0.1355943794986009 0.09118950874964026
8 0.6190357098002072 0.44925525867023325 0.16214857232041907 0.10219067599029753
22 0.38290020314104606 0.4921346667005709 0.20547374565440507 0.10926601259389065