1 0.43620820087619805 0.5733439616157819 0.17326464123986768 0.12847224486639994
9 0.7830436014610032 0.6370611009491475 0.2557790042699526 0.1505571154498601
53 0.5797002607766667 0.6092566409426734 0.18778566738785904 0.1313797559648386
11 0.335785383151689 0.5900907700740833 0.10949130131597985 0.09503969677316568
33 0.7544973769503316 0.9112827180083153 0.1876877181629446 0.12897590981099244
39 0.3992709570615724 0.877949432227755 0.2641210489614493 0.11964289207958846
50 0.3261230154411439 0.9142055472619959 0.21403207663033774 0.12749544938889912
8 0.6124522202979208 0.1723976597904458 0.10620591213790356 0.0733211372311182
27 0.8997567201515511 0.22254643098089744 0.14746309365294616 0.08436357252284822
47 0.4353777310905707 0.16895217074631946 0.1535971906404255 0.05817309730283679
23 0.8129835573549845 0.4265833790456187 0.10286745820392823 0.10921094122394634
19 0.4500782951146223 0.4115727439699169 0.31656080269050746 0.16948264246258524
51 0.6458897172847272 0.46130562391201857 0.1332359151796981 0.08866759988594808
6 0.8214908779749185 0.4876715955751154 0.27614027973068017 0.12006261286674877