9 0.7334918735400606 0.6386226025993237 0.2520726197290024 0.16537813004908214
5 0.38124921848605264 0.5695763800360963 0.2011721818217162 0.14860387351181578
39 0.5328185539104079 0.6082518985836101 0.19820877743251394 0.12926114334703753
28 0.5449005032777292 0.858027976715592 0.1595816257585536 0.20428088439196138
0 0.6837382983118672 0.9141462034770783 0.2050006472175353 0.11517394922598766
28 0.8408143418191786 0.19071686359118073 0.13470382686705798 0.1743151212057174
1 0.8401940875405299 0.25212690144826666 0.2365304263352133 0.12624482598348946
6 0.5884804404447519 0.2048766078159731 0.2460758661711786 0.12428882356567933
51 0.8367559540769804 0.5062364948820764 0.14264053677637442 0.11707065724944571
51 0.7290853524366315 0.487180294907016 0.09577839860316573 0.07407801488788998
8 0.3949414883158892 0.4196982114925672 0.1083571876077526 0.09386858878870417