33 0.38461538461538464 0.6413288711262375 0.17307692307692307 0.1448479920068068
11 0.5637019230769231 0.6288298382828533 0.09375 0.08096333541394347
19 0.7608173076923077 0.5938089616581271 0.28125 0.1611592370110612
31 0.6574519230769231 0.8840720198506431 0.21875 0.13602983391458587
0 0.8245192307692307 0.8773728059384103 0.20192307692307693 0.14775534964896708
39 0.4831730769230769 0.9350961538461539 0.1778846153846154 0.125
1 0.65625 0.9459134615384616 0.2548076923076923 0.10336538461538461
6 0.3269230769230769 0.255706463534225 0.24278846153846154 0.11481481143689898
3 0.5264423076923077 0.22072754620019144 0.15144230769230768 0.07235497377518686
50 0.35216346153846156 0.5073489591634228 0.16105769230769232 0.11819588786103506
53 0.5637019230769231 0.47017599212900724 0.24519230769230768 0.12687600149682263
27 0.7596153846153846 0.4435475973973961 0.20432692307692307 0.09491269355504446