9 0.744482293948354 0.6534532398306667 0.23479037678710368 0.13057084880220196
5 0.4006795254483076 0.5946581694753105 0.18620953275553595 0.11927658103817561
39 0.5610970949434099 0.6338523300196742 0.18873935914804327 0.12176437134945399
28 0.5987465330669186 0.8715125898265572 0.1271109991993871 0.1819978790987875
28 0.5043666318736127 0.8562195369174752 0.1367263838147717 0.18233365572851584
0 0.7391826923076923 0.9314903846153846 0.19951923076923078 0.13221153846153846
8 0.773604301916415 0.2705587104426398 0.10145523779689879 0.0587301719931771
6 0.5551113732033796 0.2449329180411899 0.24011221166872468 0.09476498896680592
51 0.7125070773742397 0.5011714905640381 0.07020523779689879 0.05763889794655997
51 0.825293765437375 0.5243056631153993 0.13256903593895358 0.10300673265159291
50 0.4126664309560603 0.45710856888861334 0.15432963156223012 0.10616607622232785
19 0.6019931444166471 0.49851198239908523 0.2794556118008913 0.11293501856264253