3 0.5894034228127847 0.37422523577122624 0.17552565369978432 0.07523842253333293
9 0.7643107586416905 0.49281189255349145 0.23076105048234652 0.13755753454672315
31 0.33424063778756535 0.5654181788585476 0.20942028277247443 0.14287628942236424
6 0.5346679439589759 0.5406458149056277 0.2611295074581164 0.11865693989729291
1 0.8248762078952059 0.7950960914224374 0.20318823656008023 0.16628382309886
11 0.661165706227939 0.8624920476322662 0.10968719976580871 0.10540745479601117
50 0.2701041319681149 0.11628905531766433 0.16306156127499635 0.12205348988632449
8 0.5282727204442904 0.08767119154594116 0.12043309061115164 0.07520900123262085
47 0.740056055045038 0.07517358964622647 0.14329616145063978 0.04846594025968631
53 0.5172655959628927 0.35038128282414627 0.1768969428485866 0.10889226868717909
27 0.7120261090368883 0.3345481536279928 0.23140181058773243 0.09449861306481439
2 0.3275800904933829 0.4019566403970092 0.22178642597234782 0.09365737591552659