50 0.4370862221096537 0.6054068002160282 0.13979568412593607 0.09364318050850456
51 0.8270811856826946 0.6082304181064345 0.1874525829182198 0.0881105251956077
31 0.600617764618632 0.6123169259983332 0.17076566793617645 0.08992676224742925
33 0.6724971854003459 0.8991034108500403 0.21585500393884433 0.12268775708120708
9 0.8443021813529061 0.9039034950295115 0.22066269624653664 0.12285564539607098
11 0.3651260645852851 0.21426286806559355 0.09031868010021536 0.06792583582140128
19 0.6160479714724486 0.2182273402095542 0.15832641288230648 0.08229550299873042
0 0.7935825666198646 0.21842959247491317 0.11704100398228252 0.07365691386084648
28 0.8091008781858592 0.40249171155900815 0.11006206462872334 0.15977565461214766
8 0.6444018538360624 0.4579136974618391 0.13811558698737897 0.06479702666235071
16 0.41227883762458384 0.46779996034477284 0.12920024284639303 0.07648048080185313