9 0.7038903474640187 0.6766878171267549 0.23681020545289153 0.1385807852033375
8 0.3422385290422202 0.609873517876833 0.12511416590525612 0.0936788743773297
39 0.5168799609199553 0.6489402626492099 0.16618938485889928 0.10327055045182422
28 0.5270971023417347 0.8770837808518299 0.13229998071321183 0.17568965979785828
0 0.6526442307692307 0.9411057692307693 0.19951923076923078 0.11298076923076923
1 0.45913461538461536 0.9447115384615384 0.23557692307692307 0.10576923076923077
28 0.7858771947136811 0.25887305187826815 0.1300360241182048 0.18035734401067097
6 0.5450729106525487 0.25929531931336824 0.2357610337615989 0.1025230928956452
51 0.6900581880753431 0.5314069871843874 0.08602312442894225 0.06980412947463813
50 0.3609981822893067 0.46167510490765007 0.1568537793611928 0.11232590268768974
53 0.558371235459451 0.5056776958121539 0.23384680106368913 0.1192100078776884