53 0.7659380416084983 0.4623013596457628 0.1762711236235274 0.1341242289108493
31 0.4926306400684431 0.5521748398426423 0.169507428898025 0.14315094079868976
5 0.792396918937544 0.7195374757291363 0.1863343519749481 0.1445245104962926
2 0.49240026849468216 0.8839791435728337 0.22787150219438684 0.1622833995421189
6 0.8858173076923077 0.7716346153846154 0.22355769230769232 0.18269230769230768
48 0.6714571597590446 0.8428200176919257 0.32693633263246724 0.23263236924270542
9 0.677081183431419 0.06642557586374934 0.24654246675511096 0.13285115172749867
8 0.29666433384137236 0.1784742799425739 0.1776673213712925 0.11268583776874852
23 0.32326150537425546 0.4127757454431516 0.08721685499721082 0.12446008578396026
51 0.5291525675999572 0.37787161443304385 0.2489463129089571 0.1520301869555201
22 0.7618481535898218 0.3226820584801713 0.25537412483243244 0.13579193660614103
47 0.3231528583675941 0.46225081583951244 0.13523448367978175 0.07569617949215293