10 0.4695502183151202 0.47209425237475217 0.20988027519729818 0.06250168413062805
9 0.5685795063159791 0.6019307580301361 0.17445248408291156 0.07410134566419466
8 0.7584782416601832 0.5812899652352398 0.16230727307501963 0.07155764309846055
19 0.6697232439222417 0.8520574708661494 0.17051643182656334 0.13651743181706194
6 0.5157562206470687 0.875521679050556 0.16179313050109093 0.10758736412377509
50 0.3860796193876797 0.8944579077510463 0.14521816790149017 0.1121992574548242
39 0.7061366437049581 0.18019645650733818 0.20671032599220085 0.09369574156587288
16 0.41420553787059566 0.22009514775006728 0.13801685105923575 0.06647023796699217
28 0.3441041766701641 0.4562026831268508 0.13940263368450856 0.09291254565929986
11 0.6607717461652663 0.4262130749644713 0.08045052360558949 0.06820277334377572
31 0.7657169945735576 0.42021828728635874 0.14623623143006353 0.08578492104489427