1 0.400058315069426 0.6072913080639785 0.17419030198630517 0.11591791957926745
9 0.7491352607606893 0.672332574919709 0.23479037678710368 0.1265822864619728
53 0.5422734004816168 0.6482704039670868 0.1886133789093821 0.11616967532342451
11 0.29878693682087676 0.6343961513463798 0.0956294819606332 0.08332522227709688
39 0.5901442307692307 0.9375 0.17548076923076922 0.1201923076923077
33 0.7247596153846154 0.9387019230769231 0.17548076923076922 0.11778846153846154
50 0.4421341839773924 0.9292327722244145 0.17241635702576483 0.1278951910578052
2 0.28725961538461536 0.9350961538461539 0.18509615384615385 0.125
8 0.6258699796477185 0.22385959664898475 0.09702548620519025 0.0641364123370204
27 0.8619610452985703 0.2640712587352673 0.14940618063516098 0.05544413211687807
23 0.7760984822401933 0.4562591564630586 0.07374290609869541 0.07813989635316897
5 0.3769340404630706 0.4516977603618948 0.23732020317961086 0.1290280919065117
19 0.8046399071089785 0.5084873195497577 0.22251918554055058 0.12156479770081632
6 0.6283351555172696 0.49819177322229613 0.2232852885918016 0.09035675699150908