10 0.6765254895572907 0.5473238053146239 0.12234719064042565 0.061992243858694104
50 0.559049227784638 0.6342789467096506 0.16458386440461253 0.09874268369372721
9 0.7347218053217939 0.711095854789247 0.23409950441632185 0.09921741590100033
19 0.7572115384615384 0.9603365384615384 0.25 0.07451923076923077
6 0.38918826855612304 0.9353391975828971 0.22767155975409908 0.1179017274233248
5 0.6542970971624498 0.2664560418288799 0.20662463971897055 0.13068543122106765
39 0.8226867193911027 0.3115675684847724 0.1695874551621337 0.10391468114038255
16 0.512078377185869 0.2460936556140823 0.13985975829174974 0.08009423492198828
28 0.39945060204648136 0.4520391816244935 0.14334104591965485 0.10671869518377755
31 0.8074861303294489 0.5560491972744467 0.17449309669474042 0.10668283243319188
47 0.5407836888553901 0.5094790306544249 0.16129847522653626 0.0769259157396301