19 0.6721880416084984 0.575718971819242 0.26359331170005207 0.15801522471830046
31 0.36626408951785405 0.6656925477982075 0.18152665966725579 0.14413206201126327
48 0.6751813396295657 0.6142786224020378 0.2543138098866945 0.1644418662097802
33 0.42427884615384615 0.9362980769230769 0.16105769230769232 0.12259615384615384
3 0.5841909521495244 0.9229524480390847 0.15351689889882209 0.10831974918975582
22 0.7995557908594256 0.8938357419866623 0.24240654005147277 0.16586459115105284
23 0.37557306037943544 0.2485760848622298 0.08950874021704795 0.12225246387262885
50 0.2323236062849188 0.28357951819009225 0.17112754851380815 0.1265202419642815
53 0.4820403900225487 0.24649075596182493 0.1830348183490299 0.12509751702300864
1 0.6093586085122144 0.22934452216712897 0.15340493796481305 0.10591590303590952
9 0.32586294012629113 0.49237044360118265 0.24425058153527382 0.15404158462433687
5 0.6968060132321383 0.46158523638913684 0.21311254246928285 0.1538945156254924
47 0.49762597919228213 0.5039966307871354 0.1499934434048857 0.08408506340877946