8 0.46189408965181306 0.6129807692307693 0.1631341051899988 0.07692307692307693
16 0.678252097768412 0.6334134615384616 0.13853561127201802 0.0673076923076923
28 0.3015364378185196 0.6009615384615384 0.12154497155932519 0.10576923076923077
48 0.33800454329086693 0.8209134615384616 0.2719598055056943 0.17067307692307693
47 0.6504119522777674 0.9050480769230769 0.14672720639771505 0.08413461538461539
2 0.4668095919687412 0.9206730769230769 0.2458212225440362 0.1346153846153846
39 0.25830501301108477 0.9098557692307693 0.1549188015234118 0.10096153846153846
53 0.6232165791531286 0.21634615384615385 0.18971642097718608 0.07932692307692307
3 0.7971572593402205 0.24278846153846154 0.17176943314122511 0.06009615384615385
6 0.41188812975698674 0.2127403846153846 0.26043172464377307 0.055288461538461536
22 0.4285772878894908 0.46274038461538464 0.31513644526182544 0.08653846153846154