33 0.596792975321961 0.46153846153846156 0.10426046565146804 0.07692307692307693
50 0.3541854850536398 0.5492788461538461 0.1771031036086705 0.13942307692307693
9 0.7711680368335008 0.6598557692307693 0.2275838728394396 0.13942307692307693
6 0.5493856788914724 0.6105769230769231 0.24667478565832085 0.12740384615384615
1 0.7247939937203554 0.9266826923076923 0.21799645950643273 0.14182692307692307
11 0.5502773916662996 0.9471153846153846 0.11415556309062871 0.10096153846153846
23 0.7706407927948964 0.18870192307692307 0.10495974771090825 0.13701923076923078
5 0.4876163004945463 0.1346153846153846 0.24195100719776141 0.1346153846153846
8 0.7043252389462951 0.20673076923076922 0.1259510236008388 0.08173076923076923
3 0.869533298425806 0.26322115384615385 0.1521975323165033 0.06490384615384616
53 0.597072688145737 0.4375 0.1695279384762231 0.10817307692307693
51 0.765886516856017 0.49399038461538464 0.2732569497625165 0.13942307692307693
2 0.40872040609853405 0.4074519230769231 0.21517304411692242 0.10576923076923077