1 0.5585356564902061 0.5889423076923077 0.18873073642461471 0.10576923076923077
28 0.7207549990818831 0.7920673076923077 0.12220624002349521 0.17307692307692307
11 0.4274166821720224 0.8894230769230769 0.08265382154923027 0.07932692307692307
23 0.45047699089258175 0.9086538461538461 0.07586185232335597 0.11538461538461539
8 0.6930696534544001 0.8918269230769231 0.14789332309160785 0.10817307692307693
53 0.7172141056651736 0.1778846153846154 0.21022549539734214 0.09375
3 0.48216863695342516 0.22355769230769232 0.1425262051363633 0.06009615384615385
31 0.561595143649298 0.4387019230769231 0.1722114974538453 0.13221153846153846
50 0.38526209237132575 0.46875 0.15502094770601332 0.10096153846153846
51 0.7895969015937736 0.4074519230769231 0.13084262975566383 0.0889423076923077
51 0.6816615805709064 0.42788461538461536 0.0921573210351044 0.06971153846153846