3 0.648858551849038 0.5693584828529927 0.1754827791088676 0.11850765330256371
5 0.32383777969540556 0.5162297766980063 0.21506332037596165 0.16994952497663773
0 0.668335067076762 0.8663239268462977 0.11773452127628221 0.11105638425299101
33 0.5379968533754801 0.8489396291591891 0.18906861380587614 0.18686689204686585
1 0.390551965895886 0.8450467272525649 0.2394934328963677 0.18887954092678017
27 0.2340791702738241 0.8167546778798438 0.1832538189731839 0.1431770427029913
48 0.8118245785604699 0.16407176538746596 0.29696194002756415 0.18431157920712196
53 0.4642190435765491 0.10212368976973024 0.24866121638953012 0.1704900088452987
19 0.6192101654202988 0.14254012455534307 0.18996180617222244 0.12217335518034153
39 0.718321329496474 0.4193442082208704 0.15871180617222244 0.1194393344451564
8 0.6308886706526171 0.41379934336196705 0.19750904547542747 0.13722735996538413
22 0.3906449355577454 0.37724311904551355 0.21651601414508562 0.12929444964857512