5 0.29927884615384615 0.5934553365007326 0.1971153846153846 0.12352393345086145
1 0.640625 0.6219847162847008 0.22115384615384615 0.100184919706595
33 0.6237980769230769 0.9061281758944835 0.1658653846153846 0.1514608051645615
31 0.4639423076923077 0.9083756575720348 0.16346153846153846 0.13937162961591115
0 0.7512019230769231 0.9084307179698649 0.15625 0.13916179527765274
27 0.265625 0.9081364864895287 0.15865384615384615 0.10317404774937973
53 0.35096153846153844 0.14964383143552087 0.22355769230769232 0.10746640294755282
48 0.7271634615384616 0.16634170422559838 0.28125 0.11876046226900569
19 0.5132211538461539 0.1701629434400886 0.19471153846153846 0.0825886040560572
39 0.6983173076923077 0.44121950311709407 0.13701923076923078 0.07610223704229678
8 0.59375 0.4466659471756888 0.1658653846153846 0.08174926670302304
22 0.33533653846153844 0.44096385711713226 0.21394230769230768 0.08314816229141322