6 0.6646567544917351 0.5199714147133137 0.1261748601393993 0.07312966087616082
5 0.6075038342862569 0.6224740729811498 0.2140560189800314 0.1540833314235622
11 0.7912661038912318 0.6752631189195419 0.10487591908032648 0.09135278170084914
9 0.4378648432773317 0.6207519342134004 0.32273260739142234 0.18796772730012143
3 0.7060134840110789 0.6840454243845541 0.1674178783710195 0.09666761213892955
28 0.7278186663272799 0.8995518712256404 0.15611195554356663 0.13697319208426906
28 0.7761683247937063 0.9129376525454601 0.15075879245686744 0.10549927021625102
51 0.2838265190996969 0.8925644327810721 0.2140560189800314 0.1540833314235622
39 0.4578055669265159 0.9361859378401157 0.1913304620374025 0.09057568301748102
1 0.7118938680002527 0.9520182900713957 0.21200001373608265 0.03629486988510067
48 0.45431475649256825 0.12405321387746866 0.2592134178304396 0.24810642775493733
33 0.7895342301430198 0.23147360119990393 0.15606999625287388 0.1345693459304229
19 0.8543298245467708 0.49790534708044787 0.2148532455031951 0.19975640834663913
50 0.6155308491474913 0.46211447954734 0.14864866133787139 0.12221423235916508
23 0.3729372877093249 0.415674245722938 0.10107524974926217 0.14882116752513866
53 0.47946178571102666 0.45401719539577223 0.1847902722269492 0.12870133867699257
6 0.7983849107103929 0.5317864290296597 0.16294586038886977 0.11567445950168075