1 0.4669414729751991 0.6151382181207805 0.18730923635107233 0.13752734169742126
9 0.7918079180411899 0.565756477352603 0.22345087281619685 0.1409803595425599
53 0.6010531926459911 0.6046320488451962 0.17967797710237343 0.12529827658993178
33 0.8486989776484819 0.8195592190948393 0.17570972636900214 0.14919684856955448
39 0.5999314351370895 0.8819615281070392 0.15745575261573358 0.10784185049823318
5 0.49399038461538464 0.9266826923076923 0.19471153846153846 0.14182692307692307
48 0.3093635827127282 0.2287299928940715 0.2825702311848499 0.18352441886401286
27 0.7267781047017958 0.18204112613354514 0.1418574574886073 0.07376833566787006
47 0.5100007924014499 0.2321665358217544 0.13696582102348304 0.07122459995518483
23 0.35613559276004314 0.46782987859555286 0.08816393494135556 0.11783268266429822
0 0.711176030985259 0.4229282168008885 0.19127748708444378 0.1136287697177987
8 0.4025221950212928 0.48959152171221587 0.1351495839716615 0.08798157825268842