6 0.765294202002769 0.40526481851677904 0.3032572225874745 0.10630331145739902
1 0.4442859063007471 0.5879774700242856 0.17540964360809894 0.13239672048773754
9 0.794337392145567 0.5519112881718395 0.22575040474398841 0.13293304432636652
53 0.5851909224905065 0.5845946887815116 0.18150111731059923 0.11358597554160764
11 0.35510987792522963 0.6305573930143322 0.101054129474638 0.08973493917980618
33 0.8237294809503339 0.8287854744192316 0.16168660715942068 0.1435759026876896
39 0.5409038290953215 0.8802322028932534 0.172889497900263 0.08912748971850704
5 0.41284623797362624 0.9178407169398377 0.2232065504952624 0.13038919007764077
48 0.31225330347111474 0.16391936870797374 0.29982590268768977 0.17078713332660575
27 0.770255999826247 0.13844974971030105 0.16483791086944613 0.07428438851079057
47 0.5350872467635182 0.17988477782518897 0.16427787848992692 0.06466900389540602
23 0.32985988218986084 0.40409397195026947 0.07517185416184938 0.09781023475151329
8 0.3807369671643792 0.4493707331295972 0.1460271659233161 0.08037586221329093