9 0.7867997706918575 0.4996101302740484 0.22882927441773843 0.11700277110407133
39 0.5889720764554863 0.5326255533584316 0.17057740849007447 0.09306262005294987
47 0.43657265241422394 0.5534992542965748 0.1288726865216559 0.060880654084046665
28 0.7265565011055357 0.7478928706029208 0.10840140873358942 0.18151456550505374
11 0.4062247083653485 0.8354849960229633 0.08149521123892793 0.08099463077221494
23 0.4284888267647395 0.8553535932249466 0.06826119556598265 0.12068266993251123
8 0.761862866292936 0.09804513283864826 0.09295488377280273 0.06274498275401896
51 0.7331144034345822 0.35219041955329133 0.06877653267550207 0.05597504802117989
51 0.8498758038446694 0.3486831591759453 0.12992185821294855 0.09693834639173897
50 0.4185952535675434 0.39111694916886697 0.15155647359756394 0.09870436457437105
19 0.6230970385930152 0.3804475039397354 0.278540651074893 0.0946811725045717