19 0.39663461538461536 0.5828363988432876 0.23798076923076922 0.11436530084443401
9 0.7584134615384616 0.6582584742917222 0.22355769230769232 0.10947369752985299
47 0.5805288461538461 0.637992802642658 0.16105769230769232 0.07786008316666827
1 0.38221153846153844 0.8579928724517834 0.21394230769230768 0.13586006455090155
2 0.5096153846153846 0.9104167786536599 0.28365384615384615 0.1434771728790692
10 0.71875 0.9459134615384616 0.16826923076923078 0.10336538461538461
50 0.4423076923076923 0.1828617324163841 0.1466346153846154 0.08979540292901025
39 0.6935096153846154 0.23600587476072266 0.21634615384615385 0.10702789587256248
16 0.859375 0.2730285436476359 0.12259615384615384 0.06802093586624694
9 0.4567307692307692 0.4269360280386575 0.29086538461538464 0.14111528222866726
6 0.8209134615384616 0.5143913194241375 0.17067307692307693 0.09233910076100435