8 0.5896365373598637 0.5774424591421922 0.1523933312931465 0.08613729033419837
16 0.7701068122337796 0.5670633175986554 0.13551046565146818 0.08083998457056953
9 0.3967973906869968 0.6175199537117084 0.2151450728345448 0.10959046998372092
5 0.5696908162978374 0.8449816918401017 0.18912233437790113 0.14487876971779856
9 0.7726899455271382 0.8617093333933581 0.3071345661753836 0.16753683314012371
39 0.4197712593644812 0.9163662693622461 0.16228842873230703 0.11045553099033775
31 0.3319668410003508 0.1960204012623887 0.17657164924349586 0.09885596889762424
6 0.7566512707486722 0.17350988559916292 0.24835137847034944 0.07210815843405562
10 0.473639922024197 0.21336829709429364 0.1398706174411187 0.04251833566787005
28 0.39568106558783467 0.4034727288502714 0.13444924105174694 0.19615465517576533
53 0.7455106091783941 0.40764007887119463 0.18638283283552382 0.1159626710922253