3 0.8183065259778777 0.5625 0.15539864760178873 0.0889423076923077
16 0.7080774438108519 0.6802884615384616 0.14578326298640412 0.0889423076923077
8 0.49858009116317015 0.6322115384615384 0.153120679320021 0.09615384615384616
28 0.34053465472437 0.5973557692307693 0.12473607767148824 0.12259615384615384
48 0.5951778633926542 0.8822115384615384 0.29629029969911447 0.17307692307692307
39 0.26077051261853545 0.8978365384615384 0.17285496003910414 0.125
2 0.6443369149665993 0.9579326923076923 0.25138465659286335 0.07932692307692307
47 0.452134120885639 0.9519230769230769 0.18909445304632763 0.09134615384615384
53 0.7668092969549398 0.2764423076923077 0.16016438061878802 0.08653846153846154
27 0.45434517295345533 0.20552884615384615 0.15999654345601672 0.07692307692307693
6 0.6182533672594459 0.24879807692307693 0.22026053446494187 0.08653846153846154
22 0.6281238611423506 0.5096153846153846 0.21089690559371432 0.10096153846153846