1 0.38262354922167824 0.5569108125191377 0.15969171045471542 0.10492439192713149
31 0.7585431054146208 0.6184068865181889 0.1652549001792964 0.12675490576157572
48 0.5553494284630308 0.5942806475589939 0.32335167164280254 0.18600622076563028
28 0.6033614531777748 0.8347673023119658 0.12872407733869606 0.18047617970140614
28 0.6917161517680579 0.8479701040670544 0.1240003291884357 0.18268412740542317
19 0.31867357226186976 0.8415665931566357 0.2577762722294997 0.16413082246217095
47 0.484313829277832 0.8756245066404661 0.11334708027218181 0.08383258742298785
0 0.6607713939861019 0.9092416486121817 0.22294720787160435 0.12910568715952253
33 0.8567803392478266 0.21113250980002934 0.1532356694100659 0.12626515963700352
6 0.7078258218667972 0.21480151559087896 0.19748169565679718 0.08726081029499337
3 0.4079059568651786 0.17661337408687303 0.13688187686605097 0.07038900274905527
9 0.4223061075047924 0.4172693949117242 0.3099053901972262 0.1446510900256734
8 0.6944138534223161 0.4613916448099386 0.12039073041885637 0.07931874279003882