9 0.7068184410282125 0.6641769524175818 0.24740539019722618 0.1364494268215145
53 0.49126975667766337 0.6375640777936886 0.1844017252526338 0.1209354083404238
3 0.27890712077072316 0.6230333728750653 0.1588522688803947 0.07724658466426494
48 0.703125 0.9038461538461539 0.20432692307692307 0.1875
31 0.5492788461538461 0.9338942307692307 0.17548076923076922 0.12740384615384615
50 0.3576503152338318 0.15898008366384822 0.20139653664442106 0.12603681568296599
8 0.5858325443285101 0.2026506574634751 0.09833639424708042 0.06417837162771321
27 0.8222603466467857 0.2512757810882192 0.15370879994297418 0.06754728146749447
23 0.7337301006640176 0.44456070366620143 0.07986112243320011 0.08547731268678596
5 0.3451884373939774 0.4125229139585782 0.2175519064618873 0.10709976148704652
19 0.7607294830466654 0.49794883053913075 0.2134997115710839 0.12865045829027627
51 0.33555778557275073 0.44723182567192254 0.3190171098680183 0.12328512861922238
6 0.5844665115261336 0.4828455919039769 0.22691545860497578 0.10005606018827934