33 0.5498741652828915 0.5960097794153879 0.1577915292454618 0.11477093130293607
5 0.7788958359518905 0.5777135219483264 0.1938492215531541 0.11519050053860024
31 0.3971192854833546 0.6290499414875548 0.17204671785367467 0.11013106668950948
27 0.8010723097704037 0.8684390501518231 0.06392705067634534 0.04159263795720246
27 0.8949062539278358 0.8697520162929424 0.09685593382498708 0.09003318770503445
0 0.6914607445039496 0.8973699599104238 0.11692614463007746 0.11429541950251668
48 0.5116339758313645 0.9126889599348982 0.306021083621287 0.1621502564510471
0 0.8382632482034291 0.900471403993082 0.1037316956567972 0.08050171693678256
9 0.7706769166517673 0.17019167066545932 0.2390186335316385 0.10129887798069781
3 0.3485386465124393 0.23642667892818395 0.1435058062255648 0.04972722873720189
47 0.5141102265768117 0.2260831989056675 0.1384462814455761 0.042459747710908255
50 0.39911101897826157 0.44505781123000243 0.12992217087680877 0.07359786258139778
8 0.5425176138405521 0.45421082762084247 0.1226266882578382 0.0711101025804189
11 0.8278198087313557 0.42924762963329177 0.08897284210399192 0.07071850462713236
6 0.3752137408817904 0.4838130481565057 0.1977335281290936 0.08880413541104779