9 0.74374610932191 0.5576923076923077 0.21590355772493006 0.125
31 0.3533843794612379 0.6189903846153846 0.1844856694100659 0.1201923076923077
6 0.5380760797260735 0.5961538461538461 0.23952229847623102 0.11298076923076923
1 0.8040139300723387 0.828125 0.1878968454530971 0.14903846153846154
11 0.6600044589021814 0.890625 0.09685593382498708 0.0889423076923077
50 0.2965315642926507 0.21634615384615385 0.15985959876957972 0.10336538461538461
8 0.5305860548687645 0.19110576923076922 0.1130113036424536 0.06971153846153846
47 0.7257173141174634 0.17908653846153846 0.12684677146350593 0.052884615384615384
23 0.7376869137303572 0.3870192307692308 0.10798231327414953 0.13221153846153846
53 0.521073660206065 0.42908653846153844 0.17436661985008875 0.10576923076923077
27 0.7067574231542435 0.41225961538461536 0.21911631104141258 0.07932692307692307