2 0.7303022190339811 0.45278534839654516 0.23447381493455474 0.07858928196643525
33 0.45581437188225327 0.6115054870097938 0.16547558441479446 0.11823784715172782
1 0.6302820348442173 0.6037302278927164 0.20849305943986815 0.10457003746112196
11 0.7553449737802566 0.6023063417779743 0.08783919954993936 0.07602976523417262
23 0.3612224562995825 0.8647397059165048 0.06915390109817689 0.10694409090863005
3 0.5879873045764621 0.8915413973485159 0.14822906843094302 0.09390567057841646
27 0.7670528633926542 0.8958692875820549 0.16526578796133015 0.10621861638249705
47 0.6862980769230769 0.9543269230769231 0.18990384615384615 0.08653846153846154
28 0.4852324356903888 0.1659696590875677 0.13316443556311874 0.19457349400510518
39 0.6612437793469959 0.2075152054150292 0.18648081043901718 0.08255778846027098
51 0.5439202235295186 0.4543411956755431 0.15548256618317424 0.09643539460434115