9 0.7155179560715281 0.5160865070456725 0.2507853118419874 0.14278209521784208
5 0.3478983498929492 0.5835690843475425 0.19762094575598296 0.12953196136250023
39 0.524217366288836 0.5638317490371256 0.20248458820395307 0.13204770779690186
28 0.6295160455609514 0.799490587446367 0.13433965367019268 0.1977328460365387
28 0.5301480811582806 0.8186394413448179 0.143955038285577 0.19795664659764967
0 0.7921673119275113 0.81254087605454 0.2124916238012822 0.14909843143493617
8 0.6361829934822116 0.10424752265218964 0.10722393441645295 0.0649618061722223
6 0.4065607405886753 0.15889758227270262 0.2594495440726497 0.10214051116356856
51 0.6399056876887824 0.3675246266386213 0.07351413812232913 0.06177465805448726
51 0.7609362425462075 0.3490741445545934 0.1443446793894232 0.11147413519946593
50 0.3215929027341884 0.4350621491417198 0.16603524491431637 0.11438153261581209
19 0.5265902225553957 0.4074418736864312 0.3007625298102565 0.12232243277905998