47 0.6399698708381419 0.6069455875759725 0.13475821830931414 0.06326918422981379
28 0.7066510649880714 0.7983939934182043 0.1145397765425161 0.15687933255166578
23 0.4004014632915307 0.8615007455078492 0.06931156127499637 0.10855067645407629
2 0.6755663409165085 0.8907392854079667 0.27825027820978276 0.10495969374627159
39 0.4411057692307692 0.9314903846153846 0.19471153846153846 0.13221153846153846
5 0.4711640179580272 0.20942291403511754 0.2107466874522616 0.09976041673976487
0 0.5935642733543521 0.20532846528597987 0.10900155519140757 0.07994227046077415
53 0.7168726041528568 0.19402947065921114 0.18852437671815964 0.08521147330635473
50 0.40332368657404427 0.4613722422349828 0.143145147469826 0.09215729357941199
27 0.7088835535527416 0.44031881266983086 0.2070695013745276 0.06849643157195008
6 0.5545700958165231 0.4574456154996227 0.2101589921027749 0.08533733981668781