0 0.40625 0.598756255355026 0.1875 0.08959030817933702
9 0.7716346153846154 0.5833169565755683 0.20432692307692307 0.09729146009681217
19 0.7427884615384616 0.8305505246978331 0.16346153846153846 0.14177547576975733
8 0.43149038461538464 0.8816756813249673 0.13942307692307693 0.07857602797556222
50 0.6286057692307693 0.8615171324894906 0.13221153846153846 0.09278927056038072
53 0.47836538461538464 0.2012252196647484 0.22596153846153846 0.09070942465004925
16 0.328125 0.22482753760923696 0.12259615384615384 0.06125949144270267
48 0.3870192307692308 0.41782542897499747 0.20432692307692307 0.16700299855835063
23 0.5240384615384616 0.40422319193270084 0.07932692307692307 0.10567356233622832
33 0.7572115384615384 0.3938327790982391 0.1971153846153846 0.12592777960470747
51 0.5865384615384616 0.4288469353601012 0.2403846153846154 0.10074447794195097