33 0.4407501411174177 0.5799169843670473 0.17865353833122363 0.15095115198777237
5 0.5913642545108918 0.5326009757365966 0.21272740876970914 0.16090982984451616
8 0.7706845136556401 0.48052643004212364 0.1667980241977627 0.11170471655617521
1 0.5312884444799368 0.8696052218934268 0.2024119836799257 0.14810570210522656
27 0.9278846153846154 0.7295673076923077 0.13942307692307693 0.13701923076923078
6 0.6801987521939636 0.8345046682747215 0.1564588905670893 0.13956974918975582
6 0.8403582461553825 0.785201839597289 0.11419342500290679 0.1121954755285449
9 0.7084334533349862 0.06770113262313614 0.25345278529021387 0.13540226524627227
3 0.30288237223415454 0.22404924474439344 0.1460271659233161 0.0836926149237501
47 0.4686314572955495 0.16704431699913583 0.15041483394636906 0.07687352494724099
50 0.3944600036130573 0.4279103832029478 0.17074195939528636 0.13834324849099744
11 0.820420068480691 0.29773620859464156 0.10614183797208963 0.09718372587792382
39 0.5570814935053172 0.40014405778887335 0.19648422661319523 0.1284824843894281