6 0.6285405411533921 0.4999550084221362 0.12494693524410067 0.0626877181629446
5 0.6904120514783325 0.6361110482582023 0.20480848891461095 0.13793747797559147
1 0.519075772215362 0.6158865248306653 0.24116002889704655 0.14661825481084662
11 0.31366731752093785 0.5750109684110997 0.09948411980093738 0.08564873822734717
33 0.6754807692307693 0.9314903846153846 0.1778846153846154 0.13221153846153846
51 0.484375 0.9134615384615384 0.18028846153846154 0.16826923076923078
39 0.2702716136315462 0.8718145515641349 0.20809387809268726 0.15967004258512127
48 0.418914081018059 0.11940252512340446 0.2342872225792666 0.2135341502188812
8 0.5717358581460533 0.209903840127459 0.10591206446316029 0.06671181667132128
47 0.7334343105591317 0.25983361819087225 0.1511933444865795 0.05895746732931114
19 0.8075025980120665 0.4807609433734977 0.192148498039994 0.18061901339533565
23 0.3390423555433676 0.3954571260594965 0.08942387352999558 0.1332359151796981
50 0.5797738833586258 0.45583076700662506 0.1490302812515773 0.12366541503332844
53 0.44584414331764227 0.43351868733449284 0.17939873822734717 0.10330413957260089
6 0.7556015650200377 0.5135597788810635 0.15536027668888563 0.10232464732345647