6 0.6244215679785261 0.41845611392994814 0.13126239595491448 0.06703298450133269
5 0.614472492399573 0.5078181424094163 0.17760687456132482 0.09747407733869605
50 0.3672949596664534 0.482768572392359 0.17788662526271373 0.10949330810792682
11 0.762701686782105 0.5712071641906745 0.0882729158870729 0.0775412204367859
31 0.620399187512821 0.5557271771714754 0.24620142009540602 0.15511297528525603
47 0.36869371317339794 0.5428647262385128 0.1942659472174146 0.09085014797918234
28 0.6202363617872335 0.8071389606419785 0.1463029342991455 0.1972603975961853
3 0.4502616566785797 0.7914224083563253 0.12679040448888904 0.08128817310954545
39 0.3045771887396374 0.7856837221886587 0.17850207680576935 0.13593561580023453
1 0.4879139279841888 0.8586728613794593 0.22674685030352584 0.14482603741041472
9 0.6911798082739324 0.9093138598474718 0.26504053834423075 0.13895760546778965
27 0.24506951630544946 0.8647473751262538 0.18800556114059835 0.13146370012227054
48 0.3791942506427351 0.07234812034302825 0.2343500397470087 0.1446962406860565
33 0.7349365112808761 0.10184285021577599 0.14132538169252157 0.0865995303618302
23 0.91156425838734 0.14499377287707987 0.10912623918589759 0.147924312157781
51 0.7200108880343484 0.13243656416216149 0.3255842933126071 0.16028697863436106
53 0.5232861494618591 0.10442224376210725 0.18733415945726506 0.10261754627611674
19 0.8028926548970089 0.3857599665089501 0.2356928431136754 0.21959710065194174
0 0.3843986186276178 0.33902620090034014 0.20656492868803428 0.1032890995355734
8 0.4063969099240388 0.35389570348345134 0.1583761053305556 0.09680252407923937
6 0.7581147802183765 0.42581644396169815 0.15144431757040605 0.10856992237617401