6 0.6398691090129801 0.40925619743255304 0.1260909415580135 0.06832196856846852
5 0.6239801866844683 0.5326920582837745 0.2113584577913354 0.1371444474126301
11 0.7719426030180851 0.5330179993037588 0.0975804620374025 0.08620920659112977
28 0.8589453465229823 0.7623284240035247 0.14758751248619553 0.199025348348233
28 0.9120817176517545 0.7742883603784035 0.142863738759889 0.20360911878790725
1 0.7143518400291463 0.817178983587993 0.24041440809095332 0.15050720938996912
51 0.4440389423013552 0.9055517229771652 0.2044406343646468 0.15363548768752638
48 0.28275445117276454 0.1420046281110271 0.27528507367489163 0.22178620092763365
33 0.6334012949541067 0.10762948559186529 0.17757873376541072 0.12836545587496553
19 0.8091155700525008 0.31957620188714403 0.21012947177688857 0.2043401787863134
23 0.329961771974944 0.4345164656120233 0.08888818181726012 0.1386459782397091
50 0.5769285364607053 0.38692679710140276 0.14363117257671476 0.10997107972191628
53 0.4404547764704813 0.42455857033991645 0.16754375624309775 0.10387915060046801
6 0.7643026585886269 0.37098230578716146 0.16265214535401967 0.09884753642475766