9 0.7465290347892346 0.5774659949123973 0.20787759180825122 0.10698132565033489
31 0.3451566553028709 0.5878139000884949 0.17665556309062871 0.10811183188029307
6 0.5337466932502836 0.5897402705480952 0.23658388924251697 0.09613748558007738
1 0.7672389137247608 0.8625441949709451 0.1745873723253137 0.13686003650153275
11 0.6105413732067191 0.9073724330519227 0.08748948513930034 0.08525694132768945
50 0.3488497066420291 0.16718979777787515 0.15242130257552397 0.09030541655422564
8 0.58905250869119 0.1730198752864303 0.10644054154629337 0.062002073588543406
47 0.7883199979190223 0.18652470500314647 0.12541956923566416 0.04115105200324365
23 0.7677877219923802 0.40240355495923563 0.09039681437594337 0.12862412132183465
53 0.5429861496841986 0.4151675767195058 0.16446850462713236 0.093199008832644
27 0.7326941968614015 0.42425651102818746 0.21936536821230737 0.06179799485183023