19 0.6981298390251133 0.5558839496523819 0.2741570503271656 0.10890201439552281
48 0.6818923678154112 0.5945552727317523 0.27516469873324706 0.1305366297801382
47 0.3490419892445518 0.5743768481614006 0.13970629318544697 0.059286670787831335
33 0.30690893745214914 0.8574721107330087 0.14468524082150047 0.11460310360867035
3 0.47629777756147007 0.8795525825050378 0.17665967296521146 0.07893700925426445
23 0.504063554748848 0.15888739172748562 0.07256985620611586 0.11376396513734224
50 0.34392788318305634 0.1547378666209811 0.1848788598328311 0.10065553848601283
53 0.6195337977976438 0.18520298658378004 0.1822510918109669 0.0958198748959429
1 0.7515510615883405 0.20531316707881583 0.15262121142674992 0.07865729643048852
31 0.48725320130866295 0.41763650865447843 0.15374082076683998 0.10269575796895006
5 0.7555915969947076 0.4469836193874871 0.23178350703000697 0.12762930054349517
11 0.5896702319123185 0.44771171479461896 0.09492890373444222 0.07798598565342593