10 0.42063498533257104 0.4690185078267532 0.24986264609682018 0.07210815843405569
51 0.7932197015116932 0.5267566271807641 0.20131259248698896 0.12592777960470747
31 0.6223100593221621 0.5594019096784899 0.15480007398959117 0.10056036725727516
8 0.4515683054474953 0.5968548844839078 0.14459708027218193 0.0834536650626741
19 0.8468827405966605 0.7886838026076569 0.1790369582546014 0.17570910104128173
50 0.619776518342757 0.8313862489602026 0.17478634063724904 0.12275454087724678
47 0.6042811622189164 0.18093603000655958 0.1845390791558136 0.05820041862049811
23 0.7426625962517132 0.3537717594461789 0.08078450816495292 0.11281515601834737
39 0.45505576657033764 0.4210943361354606 0.19798536060138971 0.09941552713298034
11 0.5798878782554735 0.41264951529795374 0.09196429735986282 0.08912641837698337
48 0.7020223392357509 0.39586117770140494 0.31627748708444375 0.11726589824761319