31 0.37189018568680265 0.5960228716812913 0.16475123523470414 0.11609027665616076
5 0.5562728141947838 0.6283170644859032 0.18423383693776949 0.12453417880569098
28 0.6044107551456759 0.8711198251270709 0.11843713946385474 0.163490136666951
11 0.27378269762855545 0.8872752123548294 0.0845009264260281 0.08456446875088758
23 0.29213205320628777 0.9137479606582056 0.07631259248698889 0.12481367152227617
9 0.5769230769230769 0.9519230769230769 0.25961538461538464 0.09134615384615384
8 0.7416628235413497 0.25231208417809775 0.10314408655477272 0.06896990936195611
3 0.5182730195485215 0.23317816399750255 0.15801282730607383 0.06049372419570135
50 0.5327151422668513 0.475026211261608 0.15480007398959117 0.1058587101967804
51 0.7853975257658677 0.5177203150893056 0.13282968197524744 0.09485691643240503
51 0.6678189246209864 0.5041624721157413 0.0864011076352816 0.07029543728880966