1 0.8798076923076923 0.5348557692307693 0.17307692307692307 0.11298076923076923
47 0.4651442307692308 0.6141826923076923 0.15144230769230768 0.07451923076923077
9 0.6899038461538461 0.5841346153846154 0.30528846153846156 0.11057692307692307
2 0.5084134615384616 0.9194711538461539 0.21153846153846154 0.14182692307692307
19 0.7319711538461539 0.8978365384615384 0.2620192307692308 0.16826923076923078
39 0.4579326923076923 0.171875 0.14423076923076922 0.09134615384615384
16 0.8064903846153846 0.11899038461538461 0.1346153846153846 0.06971153846153846
10 0.3173076923076923 0.22235576923076922 0.1346153846153846 0.04326923076923077
9 0.4338942307692308 0.43509615384615385 0.3004807692307692 0.14903846153846154
50 0.6802884615384616 0.3918269230769231 0.1971153846153846 0.10096153846153846
6 0.8257211538461539 0.390625 0.27163461538461536 0.10096153846153846