33 0.34375 0.6450201008289533 0.16346153846153846 0.12159307107735054
5 0.5120192307692307 0.666965456802244 0.19230769230769232 0.12466831891453012
8 0.6995192307692307 0.6953680292823724 0.16346153846153846 0.08313153261581209
27 0.7055288461538461 0.9831730769230769 0.07451923076923077 0.028846153846153848
27 0.8028846153846154 0.9819711538461539 0.11057692307692307 0.03125
53 0.35336538461538464 0.9579326923076923 0.20673076923076922 0.07932692307692307
0 0.5829326923076923 0.96875 0.12259615384615384 0.057692307692307696
0 0.7379807692307693 0.9951923076923077 0.10576923076923077 0.004807692307692308
9 0.8149038461538461 0.26175555909262893 0.25721153846153844 0.11175589577895319
3 0.3545673076923077 0.2438295687678956 0.14423076923076922 0.04903008533974374
47 0.5348557692307693 0.2672565985194983 0.16105769230769232 0.05903712093707274
50 0.35697115384615385 0.48427013429278876 0.15384615384615385 0.11415773205470099
11 0.8185096153846154 0.5454933304568917 0.09375 0.08150897854775649
39 0.5300480769230769 0.5267600828543274 0.17548076923076922 0.09062282177873945