33 0.32073801604477575 0.5333804491963137 0.1778617400505519 0.14407157496307108
5 0.48476045873546497 0.5772496457453576 0.20944751668028025 0.15496029950234338
8 0.6669796358948645 0.6251919154152356 0.1742826756926565 0.11031977958431036
1 0.2726725815842841 0.8458763590528714 0.17984586541723768 0.1321502934187546
27 0.6918117883395201 0.9226811431426718 0.18605007398959117 0.10359798724734431
6 0.40179728296548806 0.8899638962862519 0.15837913834748654 0.13607644270221705
6 0.565567893183881 0.9266215543737574 0.12123017199317711 0.1033572043285001
47 0.5601457850024908 0.1854043705773692 0.1416056250163112 0.06818105504503805
9 0.38305103098525894 0.387609024744863 0.27451925114899056 0.16241262088272593
3 0.6079670970177068 0.45186602913258417 0.13489775149936525 0.08231028429337155
11 0.8019536724740408 0.4921070142163514 0.10174757029011161 0.09536207206764621