23 0.4219505077331855 0.5661057692307693 0.09314415664499319 0.14182692307692307
9 0.7309303661665969 0.5384615384615384 0.24743815422718313 0.15144230769230768
3 0.3304594318284991 0.6466346153846154 0.16497632499800774 0.08413461538461539
48 0.8162503349913973 0.796875 0.22648193230131689 0.2692307692307692
19 0.5263299904603941 0.8798076923076923 0.23793473054580752 0.15384615384615385
50 0.2538724158564014 0.20072115384615385 0.19835358274417886 0.12980769230769232
8 0.480423406185161 0.1622596153846154 0.09940071324010748 0.06971153846153846
27 0.715387858052382 0.12379807692307693 0.17403190494334725 0.07211538461538461
5 0.32387693421340047 0.4266826923076923 0.2094771260413376 0.11057692307692307
53 0.5059271234988302 0.41466346153846156 0.16827585862392594 0.10336538461538461
39 0.7057559038002594 0.38221153846153844 0.2070732798874913 0.11057692307692307
51 0.33771055926925625 0.4651442307692308 0.32654115543608814 0.1466346153846154