8 0.3837580501762974 0.6037851563519447 0.15242130257552397 0.08942309730283686
51 0.7277449640111929 0.6987638352511414 0.19390205540321595 0.14373476336379773
31 0.55985334555406 0.6604358211539723 0.16720800616950968 0.12117676224742925
48 0.6730769230769231 0.9230769230769231 0.23557692307692307 0.14903846153846154
2 0.5024038461538461 0.9314903846153846 0.22115384615384615 0.13221153846153846
39 0.5264406235616796 0.22519848386582814 0.20080590975860074 0.11754428814378616
11 0.40532610561622495 0.19692084237704627 0.10677619693482453 0.09023200446547329
1 0.8176408215002815 0.30991692976305735 0.169388082064335 0.1020299371740921
47 0.6891888943225891 0.29220476349428687 0.16899648411104862 0.06837609102024601
23 0.8005185158277653 0.5413844186646186 0.09772023796699231 0.1379731509126681
53 0.6337309209592339 0.5115118381846272 0.23476744001860056 0.14516181404014306