19 0.6129626685660312 0.5706007250404237 0.2554603157003109 0.09665901336727122
31 0.25394954307367573 0.589191523037764 0.16665801610288303 0.09802792207314572
48 0.583148312326164 0.6081820101723815 0.27751495536956566 0.10412229337020798
33 0.21417202513168535 0.8803226348357358 0.16311039664910862 0.11960659489300586
3 0.38011926806495483 0.8976093999412614 0.14135948171050353 0.07611359386475441
23 0.43711666010192624 0.18709104814426855 0.07799572460033488 0.10180067693286664
50 0.27832280585320035 0.19134099893503678 0.17797720639771492 0.08614854771580312
53 0.5427577370467224 0.20868286454000348 0.17811721449259466 0.0885523938696492
1 0.6739892188441025 0.22397136708615817 0.1313240728104796 0.06879017027370547
5 0.6660680287881809 0.4630841311879064 0.21599501203372393 0.12022196310531336
47 0.45353765631511594 0.46195382044755545 0.1371355303232204 0.04483562258237679