8 0.6151772419328417 0.5983739260853104 0.09897724734213617 0.0744093403667735
16 0.7928241094646056 0.5616488518504814 0.1303251435168398 0.0919636152673078
10 0.418446449432364 0.6598917838133016 0.13989857262877992 0.08497587736688043
23 0.6575040765848725 0.8505270015469558 0.09449121389418408 0.12958590162467942
9 0.5144230769230769 0.921875 0.22596153846153846 0.15144230769230768
1 0.8427191043574521 0.875267854656037 0.19555064853042617 0.1487627305932696
28 0.7264719970867787 0.10463732697927412 0.1596747634043265 0.1791734784891027
11 0.3245969505473616 0.22747721694428444 0.11831989791542383 0.09408771071976506
39 0.5142630488483562 0.19103189341084445 0.20013457815308192 0.11041309241228649
31 0.5853311485879298 0.42582752440197696 0.17618002762150908 0.1242766679325856
53 0.4209473904057643 0.4700718628698721 0.22916253918082796 0.1423344940956199