33 0.7841232490467432 0.6519273144040013 0.19144537539930795 0.12609204647017747
2 0.41632334984125 0.6945505619056825 0.18023505179271382 0.07974659635533608
47 0.6461424900058539 0.7178150103205991 0.19516179366038328 0.09517823306605969
53 0.4879807692307692 0.9663461538461539 0.19230769230769232 0.0625
9 0.8641826923076923 0.9543269230769231 0.23317307692307693 0.08653846153846154
8 0.6730769230769231 0.9699519230769231 0.12980769230769232 0.055288461538461536
5 0.7514041753422821 0.22999353774636594 0.17660257768907045 0.11306425591329987
48 0.6079708756071176 0.24274447833143656 0.3384997115710839 0.14836496841381724
11 0.84055634342817 0.24222260515480315 0.10621948596807557 0.08895878104223787
3 0.3487904789847356 0.27138135550482384 0.18736264609682018 0.0778470300953132
50 0.5321200269354048 0.5084117816391418 0.16939103922753226 0.11255997601947652
31 0.37069985312511033 0.521103945566577 0.145604410161367 0.11809058150160358
19 0.7893315653969434 0.5263977645188428 0.3257249833849642 0.12588988653949615