9 0.8066984463866913 0.5588946627881621 0.22953259502747378 0.15313947987062967
2 0.5784758954652361 0.6146799639638891 0.3024846381980733 0.11684622957109607
10 0.4071130838243159 0.6517112475379923 0.13294206750495455 0.0807000950117304
5 0.6703933840871079 0.8670580864641526 0.22271285346559302 0.16254503014775587
9 0.8509042764533482 0.8483004557718641 0.24125797812196098 0.14627766530618877
22 0.513502623981722 0.9057109617916956 0.2049064381395254 0.13801695515335793
23 0.329092221818818 0.21005878189865837 0.08363668897315886 0.10807740849007462
33 0.6992886196545679 0.16200599193945153 0.21913361661277347 0.13362893152218253
8 0.4708701702832838 0.21298360080748632 0.10860975829174972 0.07278910875599684
16 0.7310283657791401 0.17493450484113593 0.1763092474991 0.08436294719512774
48 0.3771038097095151 0.4455528983693705 0.23119773185101933 0.19400486448601428
19 0.7864473905812047 0.4154461479577989 0.2520038689673039 0.11537738920328632