33 0.4781614129875202 0.5832583437588672 0.15555617513871448 0.10448639729903857
31 0.3318471776555978 0.6082779426302882 0.13411745820392795 0.10879053834423075
1 0.6261224330519227 0.6062317427539524 0.1883284782683308 0.08363508387831221
27 0.6938648152109912 0.859221055502617 0.056953598362007085 0.04215223784177351
27 0.7859721206219531 0.8678842827942301 0.09467642749324494 0.08385687456132483
0 0.5872140414175304 0.8833174770594545 0.112580792044227 0.11069083323557677
48 0.39561852606218895 0.8997847439807688 0.2880084965190969 0.17241155102788497
0 0.7259024991537489 0.8981012150771895 0.09197873366465578 0.07658938595950869
6 0.6377702105298579 0.20249748918835417 0.17032616449243404 0.054397279050213854
3 0.3271843105591317 0.22173428805341852 0.13176667680598128 0.05109823065192319
47 0.49545354132836256 0.21781777823397397 0.13377872606016958 0.04153879617681638
53 0.3852358011124087 0.4473311456641022 0.3018969428485866 0.1006878173944446
22 0.5657201611006991 0.4383271928355764 0.13397462450999845 0.04634648848450869
8 0.6653818272604001 0.43840910816789475 0.10802206294226288 0.057750267710683846