50 0.34057150873521275 0.5321886245029602 0.1481761446300773 0.11549832667233909
9 0.7043726227956503 0.6399515453346495 0.22129885913464684 0.145603259239278
6 0.49537919085302506 0.6051614448087337 0.257104718970043 0.13902111013813181
1 0.6601151079324874 0.9097907242804648 0.20721155884129855 0.15496688811050555
11 0.5032355267517468 0.9305469243293449 0.10929488538137842 0.1028077472520229
8 0.6400297318203545 0.21224966346597446 0.10107601703065491 0.07383571553379066
39 0.4576045238061852 0.17339224151166827 0.21034036800034897 0.10697388361496805
27 0.8542772817307062 0.2685694811497735 0.13696582102348304 0.06965741258649082
5 0.39878657811676554 0.3786212893384872 0.19574940276240788 0.10191443556311888
23 0.7452303992828136 0.46746813561960343 0.09853481697362881 0.13865564310625117
53 0.5562919109394364 0.4431386888151063 0.1503281583116272 0.10832874750149338
51 0.396073660206065 0.4219114997530644 0.2978861594279954 0.13733057192606382