5 0.7049264948751391 0.6597352706624984 0.19667416873404384 0.10158593799315586
1 0.4985875889134015 0.6597250988583174 0.22758828593201677 0.09564773945550524
31 0.75538093083608 0.6869836143886292 0.20902928230530166 0.10928722257926674
3 0.592005020038722 0.7079183232512203 0.13501056181176369 0.06548336121644847
28 0.8545673076923077 0.921875 0.13221153846153846 0.15144230769230768
28 0.7548076923076923 0.9194711538461539 0.1201923076923077 0.15625
19 0.46153846153846156 0.9435096153846154 0.2403846153846154 0.10817307692307693
47 0.6370192307692307 0.9747596153846154 0.125 0.04567307692307692
33 0.8792348100772092 0.2553605678834962 0.1467532041733197 0.11154823503918324
48 0.4193724486215352 0.2210272659248365 0.29556774384376305 0.11281339467618669
6 0.5237454816430009 0.2468736979807732 0.2462592504927409 0.08441210248559003
53 0.7248025182911818 0.2622639967226681 0.18146736527290377 0.08417131956674609
50 0.41880288031839963 0.49212316057242245 0.1607284373603604 0.10252054577328533
8 0.807109661828734 0.5355372165528794 0.16877636889961886 0.0692584965190969