31 0.40545083866320675 0.6254743551548168 0.1470285604075496 0.10287150219438683
51 0.7853156139235271 0.5998389714920053 0.18138185435559087 0.12847741680897465
8 0.5947472923651956 0.6138305961668318 0.15629422112583669 0.09130011516119214
48 0.7726612444940583 0.8279244537723673 0.236294868343372 0.2006520958187113
2 0.5763538379326625 0.915065444738488 0.28785053291901674 0.15744215944383255
53 0.61395436049718 0.2019068635842435 0.16392542826389225 0.10605907488629605
11 0.32303189292916723 0.23168480180538842 0.10800746371065505 0.0818493580194734
39 0.45329422630308636 0.22210569224187504 0.17326103376159877 0.09689153400694746
1 0.7474377668150609 0.20571684926789752 0.23555119942334046 0.09259097982964339
23 0.8011689457340396 0.4272658726181228 0.09017559006827615 0.12903059362432445
47 0.6156310126484503 0.47519124578181804 0.1771594439368374 0.06586545587496563