1 0.45479044000069396 0.6133988473714197 0.17632203121303427 0.1444591010412816
9 0.778304578123023 0.5626752939674802 0.22931854687820527 0.15080557849620307
53 0.5813280639192837 0.6026478713678671 0.1687188417695513 0.12742234362609997
11 0.36595902764989263 0.6577208629226076 0.10308764379209406 0.09428383458177336
33 0.8310722685318369 0.827610094909412 0.1766017819144232 0.1564783318105125
39 0.5156918412465804 0.8905976858105505 0.25274155687361133 0.12506271859809048
50 0.45913461538461536 0.9411057692307693 0.1971153846153846 0.11298076923076923
8 0.5148386832189635 0.20380999543153713 0.09788830050245736 0.07731702194601116
27 0.7393755029815169 0.1682475522252438 0.14350542728525648 0.0762421266011357
23 0.7263181797999997 0.36752197626650623 0.07155789309070516 0.0813553216800888
19 0.7603346969266023 0.4045938678757815 0.2412818275071581 0.1487514562394545
5 0.40386508446485 0.4760077821421731 0.21467166939401713 0.14077052520430136
51 0.6004779227567838 0.4516602047417862 0.10275194295042749 0.0798607576586963