39 0.6225961538461539 0.5597936383504258 0.21394230769230768 0.11957696329924489
3 0.375 0.5653341991608742 0.14903846153846154 0.09062038238478082
6 0.8064903846153846 0.5807147360158544 0.20432692307692307 0.11404066071362624
28 0.7800480769230769 0.8206991835109212 0.12980769230769232 0.20214393105969736
33 0.640625 0.838475571002391 0.16346153846153846 0.15902099010936263
1 0.4987980769230769 0.8516264187556501 0.22115384615384615 0.15377726716153553
27 0.34375 0.8525579517949039 0.16346153846153846 0.12055945164782418
19 0.4675480769230769 0.1352444021589105 0.28365384615384615 0.11524400319882591
48 0.4579326923076923 0.37876147397529836 0.2692307692307692 0.138189549320398
53 0.609375 0.4033435544056515 0.21153846153846154 0.10737557996053254
22 0.8076923076923077 0.41235442896188307 0.21153846153846154 0.10016404149899408