33 0.3763300973497655 0.6283722337937258 0.16710358274417886 0.13449399252879957
27 0.7300017175700011 0.6579198579888726 0.11633959725103957 0.07540278924810168
5 0.47570761309843984 0.9237269461187504 0.2107086963154367 0.1429645370198891
8 0.7283653846153846 0.9615384615384616 0.10576923076923077 0.07211538461538461
3 0.30478096711016883 0.9500458391696751 0.15055324807493076 0.08840124692920553
23 0.37004075777907985 0.19491053352780352 0.07715362664579012 0.11027142030566221
16 0.4612453034940487 0.22644956138160843 0.12997894763605336 0.05899553484769558
19 0.7309502497306823 0.24994334906630328 0.2701857510971934 0.07987925513095018
51 0.35504130654921995 0.4652732810560763 0.15558486225064103 0.0933488287957367
39 0.6078633492419261 0.48947937836175764 0.17492759241541941 0.09631223318493909
9 0.7968155274566956 0.5154377082435911 0.22658063752593557 0.07140871063986044