6 0.3115481539119711 0.47658287843918556 0.21176901126117473 0.11900737744793642
33 0.4481655796301276 0.6476032312203935 0.1673275046121969 0.1430560606056823
5 0.6725300178183639 0.7196045176200266 0.21356038620531892 0.1574689159094749
27 0.5805288461538461 0.9855769230769231 0.07451923076923077 0.02403846153846154
0 0.46274038461538464 0.953125 0.1466346153846154 0.0889423076923077
53 0.2545537669445937 0.924212405628499 0.2175843519749481 0.14089395330987414
27 0.6694711538461539 0.9927884615384616 0.11778846153846154 0.009615384615384616
9 0.8257309174792444 0.32762094944658987 0.25168604186483035 0.1522730612665149
3 0.3918696478345372 0.22656754601025936 0.1525092504927409 0.08233000556622248
47 0.5520579859399859 0.27954236596604126 0.15949686708626132 0.07790025397451367
50 0.35599297448829653 0.4536101381197018 0.14915705032716572 0.11332804508890017
8 0.49317683273119317 0.5089939150389721 0.12891863269031545 0.09068558779499561
11 0.7770216396285338 0.5973658612512879 0.10258828593201677 0.09170365132356896