1 0.5068606429963023 0.5551921347119503 0.18891617361781735 0.10885926667362952
28 0.6042327728008403 0.7820370789969705 0.11743336882093439 0.1772955459249056
11 0.2919552036286188 0.8314865799410818 0.07995950289542487 0.08079840652970041
23 0.30900455753332046 0.8540533596606834 0.07191130587867137 0.11847504802118017
8 0.5476260868694758 0.8777001661784471 0.148344636677176 0.11273499301241849
53 0.7824682836506919 0.17092103516833937 0.21006104287786032 0.09860605408703084
3 0.5413714913137255 0.17862234077183295 0.14388385680012647 0.06205799953913472
31 0.5549028534083914 0.4051235950833282 0.16835899970726081 0.13353555618330512
50 0.3752020872194165 0.4054173363488515 0.1552623274639712 0.1061121272784242
51 0.7834416942390975 0.41162456453856183 0.13073411980093724 0.09213065408404666
51 0.6743115673013834 0.4145431521883639 0.08918309061115164 0.07196791888437423