1 0.3695251223178207 0.6243113914777983 0.19990284738200423 0.1330693732868265
9 0.7173747278166043 0.6610094260722597 0.2383643858435427 0.13418848975753844
53 0.5090237062313046 0.6478638526509879 0.18479412588452618 0.11582278153338631
33 0.6850146723038569 0.9248600829331892 0.1820964320559366 0.10854129829242828
39 0.38492569997274545 0.9239877957452431 0.1746889951445693 0.10352377164647755
5 0.25752185381889925 0.9276948690544773 0.2061348935943982 0.10924074608662365
48 0.3747673973680404 0.1715710877646057 0.28742080116961033 0.1596258468843903
27 0.8292228921912698 0.24358314574672763 0.1560010367942718 0.05736108126746395
47 0.5786576390762905 0.23526737519606636 0.15330334296568238 0.050079598026505995
23 0.32361734413663873 0.4251639951685835 0.08653028125157729 0.12016658403872481
50 0.5680036157951233 0.4672735014319299 0.16046181667132123 0.10791179527765274
0 0.7074532250961499 0.49202788568204253 0.18180258438119332 0.10132975983088982
8 0.3722370780940334 0.4693682317238508 0.1498669398067922 0.08359355462151322