5 0.5967292633581726 0.580740587446367 0.16765578910427364 0.08078363660224361
50 0.36987352759123887 0.5728067218564633 0.17285513239391032 0.0977224599597223
31 0.6077693666725422 0.6225281444372859 0.22400730330801283 0.12774356675170942
3 0.39500100698701873 0.6286816549287925 0.16050020078301286 0.08301963233525647
28 0.6957844772940697 0.8667403197356831 0.11712107961132509 0.18051427197767111
28 0.6095257664569972 0.8567352940164525 0.12690431464754284 0.18794961100032082
47 0.48877395736191165 0.8835712625688029 0.12897045008162394 0.0702730497424146
9 0.6953078961626594 0.938827729280929 0.23032363952510693 0.08944987871100424
39 0.46121264686404834 0.9322636371887817 0.1948254486201924 0.11264908814529935
1 0.2749984951513881 0.9329940038295403 0.201757236380342 0.10079770779690186
48 0.40708523234796995 0.1611056029355766 0.27286752834882494 0.1625164157111113
33 0.8367012872640489 0.23159139890956126 0.14920832183739316 0.11398988163386764
6 0.49974420461255326 0.2057985474647432 0.23524323211335485 0.0943694712992523
53 0.6866287530694977 0.22787674421538404 0.1726872819730769 0.0905109214981839
0 0.3876815880011214 0.42703832870710434 0.16771173924455132 0.08318748275608975
8 0.41116054813680525 0.4505172888427881 0.1484250198735044 0.08033603548002141