31 0.43000268704175376 0.5616420319739568 0.1425574521203393 0.08422993076542412
51 0.8015438416483562 0.5457838543315774 0.17449309669474042 0.10269459694494205
8 0.6176985854915826 0.5566232656660789 0.1419697567708526 0.06980685384234707
2 0.649934159401466 0.8452158951759207 0.2824702751679885 0.1035560153770021
48 0.3760692611871746 0.1248298124769511 0.155699008832644 0.17127231325853018
53 0.6792701664810408 0.14627890790959133 0.17650514594892888 0.09320519256821867
39 0.5125946556883909 0.16464991911192634 0.1493771936822199 0.07499248686602286
11 0.8264435026026857 0.1518152671974146 0.09649257829760452 0.07222092161547741
23 0.8295921397475714 0.37688983317868285 0.07681694741127824 0.11916402254445015
1 0.6978213727981478 0.39463605399735424 0.2044697567708526 0.07308234004753718
16 0.6637002227542369 0.4144916136117871 0.1560010367942718 0.06094735065892943