2 0.8007153633800256 0.44353677176552814 0.22448411980093724 0.0997833995421189
33 0.37758537554720306 0.5359607703829323 0.1711546427607648 0.14334716504120457
23 0.7769135946169657 0.5696895395987811 0.0818205381687994 0.1264714834527772
48 0.5440119231341247 0.5657886405399082 0.33981567042965344 0.16669824663261595
31 0.5652118486673638 0.8197133237562846 0.22153746276661962 0.14506402798016646
19 0.35038390780738404 0.8746331209672202 0.22501875039452474 0.17170255991498898
51 0.6604535292755883 0.8782644596502391 0.3805831058201238 0.16763021260151917
50 0.8142732578526412 0.18436299087884297 0.15035668593136448 0.10331583263954869
1 0.6379109455976418 0.17705274519779848 0.1979438628837154 0.0952210867206113
53 0.5868750950560745 0.4043141204914345 0.18479412588452618 0.1252937412655234
22 0.4221626589051557 0.41655355802676625 0.203045402866151 0.10282507366717912