50 0.3210679690811324 0.6438687575778833 0.16162412483243258 0.11629365129257717
9 0.7500458605360094 0.5970722787111635 0.232007428898025 0.1311222980822833
6 0.5356260619104897 0.6318922836672465 0.25023054972271336 0.1095995640401862
1 0.8100957975482493 0.882354595560284 0.19718130686443194 0.1573548282573688
11 0.6485309671101689 0.9439315744845076 0.10029640071217963 0.08950171440489968
5 0.3208442253620667 0.20985565288222682 0.22937966087616082 0.12630062060677608
8 0.5449057418727995 0.20033896579669522 0.12573105999840614 0.06802093586624694
47 0.7471647015979036 0.19430218143159966 0.14864991219677776 0.0441223260059334
53 0.5258823248733103 0.4539027795240201 0.17777928230530166 0.10196847054420388
27 0.6871639390490206 0.4500320934599191 0.2978596290636003 0.10026388278109757
2 0.3341311233083155 0.4924614128051127 0.20595367054740138 0.08771321563490439