6 0.655923343609776 0.42065964306473436 0.12606305266527792 0.05149504549154544
5 0.7596823890852035 0.5361495915286635 0.2021488873622865 0.1222735267535171
1 0.5812113021667206 0.5709329888046425 0.2407223261043803 0.1288725940053536
11 0.362852953148665 0.5979483568763857 0.09554040448888902 0.0812895533494283
33 0.8355214728462079 0.8478625510632528 0.166650696457372 0.14463257428184362
51 0.6366176936200328 0.8835976162783085 0.16709829757959418 0.16386334351261284
39 0.4073581116992529 0.9075110393223229 0.20270838876506417 0.14631198829197864
48 0.32966463379668814 0.10305086419216465 0.21853021919508558 0.2061017283843293
8 0.5123859214981838 0.14699333938017103 0.10705608399561967 0.06021474263485803
47 0.6892364642267096 0.14597574919204714 0.15468540595032054 0.043223192084269065
19 0.8285796356955666 0.3428309368875425 0.17928537876965825 0.17163468664419626
23 0.3344224055983978 0.4103660431395527 0.07754053834423089 0.13327848126197167
50 0.593869939792949 0.391062723805041 0.14194083323557705 0.11466681109559956
53 0.4511767944807695 0.4121474763016541 0.17732712385993593 0.08750007125958088
6 0.7876033557386756 0.3916652532327002 0.15340056260203 0.09118815422718313