10 0.41107691454766065 0.4386550470906113 0.13076404043096063 0.06288361661277346
39 0.4932265864878389 0.5666282365028789 0.17697344119266653 0.1151274718920028
51 0.7723871977598571 0.6227207425578668 0.2070796678927384 0.13793747797559147
31 0.5916205621597613 0.6011718059678393 0.1819211415952386 0.11772721649567795
8 0.4192673880981272 0.5792800470906113 0.14460337643362836 0.0946233627373456
50 0.50126407609775 0.8494229818670025 0.17300579745425276 0.12935465036525073
19 0.6907123351556217 0.8959184553976711 0.29247435613127154 0.16300031623221264
47 0.7376866556201038 0.23378741175936207 0.14985480156685 0.061263364258242865
23 0.7811173598746435 0.4416486872200896 0.08604731163115203 0.1186169398067922
11 0.6015407930810259 0.4405324429377545 0.09624643716694582 0.08785668593136446
48 0.729562821391386 0.466640108629746 0.30776119016451714 0.13724365311430609