48 0.4866687929941494 0.5658630380509618 0.2718435059517047 0.13355836158440199
11 0.7773586067033192 0.6314433105833874 0.08833485823100827 0.07407363952510693
6 0.3959989710815043 0.616565597964744 0.13853561127201802 0.0704409001632479
50 0.6746091610939876 0.9075199324857911 0.15690262339261862 0.0972748588375001
51 0.8181980396273528 0.9204643504477036 0.18840893104148812 0.14361933744391017
0 0.4261029546311153 0.8861320680371798 0.19620421042343578 0.11259313800502141
28 0.683367518050586 0.19234873158547067 0.1249051658364396 0.16614714519487186
5 0.8420676597109819 0.23805279839583401 0.20567958694394078 0.11041309241228649
9 0.44269103220576606 0.20235074248755375 0.2124711011208396 0.10336940437158137
8 0.7854350238502567 0.4815945769499472 0.13627177321305176 0.07278879617681638
22 0.5929173194002448 0.4735127964969556 0.25434025094127277 0.08033804535811989