9 0.7719328924271853 0.5865535356241993 0.22186708971240093 0.12774356675170956
6 0.5650133234309163 0.6141937466372334 0.23378842430692806 0.11119639437617551
1 0.8352284442823298 0.8645064971040072 0.19079889689399301 0.15826621492809834
11 0.6834574851463743 0.9174720228818918 0.09423948087351765 0.08631667085544865
8 0.5529956953719843 0.20039650733402825 0.10613284513241548 0.0649618061722223
3 0.7272955192775528 0.20084712327339801 0.13246327148220488 0.04634648848450869
23 0.6876802044712935 0.3982692287212612 0.07744052813222442 0.09073271218119672
5 0.3857178088073053 0.43932440919332294 0.16628493964982846 0.07597594429455143
53 0.5515831934226899 0.44318496887248976 0.15915731219517887 0.09023117079679507
51 0.7114809181569034 0.43969411473942366 0.2698461166146204 0.11203564648034209
39 0.42638040848937536 0.4751313308088144 0.26734437428607055 0.0951527732631412