27 0.3780833019586597 0.45286170142603727 0.1706200121671776 0.06062945804080591
8 0.6097258954652361 0.588340605023988 0.1256325798185018 0.07665915459456517
28 0.7011046633500786 0.8236928352942778 0.10772003498063534 0.16762767482448354
23 0.3656436432856759 0.8560094436835819 0.06440591974238963 0.10681821303655152
2 0.65449288850343 0.9195259034757505 0.28968181362952694 0.09393546328475438
39 0.40844148002139985 0.9322401923102271 0.18999361509187634 0.12342317307565573
3 0.8303878968683646 0.9561473164389818 0.1945605244807247 0.05864520479388784
50 0.5231181157059553 0.1748939629156186 0.18121488903170663 0.08483575674203873
53 0.7831742718334549 0.18117966721310055 0.20736334904927117 0.07808577047812139
5 0.7921100935351773 0.4299987237815239 0.19141796899657793 0.09942667082788695
47 0.6173149688788092 0.44988867507902364 0.13368077683525514 0.03836545329579799