33 0.3391003600719547 0.5300480769230769 0.16980765129999917 0.13221153846153846
5 0.4946659057190174 0.5745192307692307 0.19633387283943973 0.13942307692307693
8 0.6695880913675485 0.6298076923076923 0.1597726974489504 0.09615384615384616
27 0.6803100257674767 0.9314903846153846 0.16720800616950982 0.11538461538461539
53 0.2958476411398549 0.8413461538461539 0.19379017027370546 0.12740384615384615
6 0.42002333037502954 0.8737980769230769 0.1288024102727266 0.1201923076923077
6 0.5660014626890851 0.9206730769230769 0.10694402462909025 0.10096153846153846
9 0.8357717774690195 0.2439903846153846 0.2468146420702088 0.13942307692307693
3 0.41052792207314587 0.16105769230769232 0.14023424411202748 0.06971153846153846
47 0.5721030831048239 0.20552884615384615 0.14020627282965 0.0673076923076923
50 0.37708554466775984 0.3858173076923077 0.17699121847916002 0.12980769230769232
11 0.8003311375042627 0.5036057692307693 0.09475696616559376 0.08653846153846154
39 0.5424343026244727 0.44471153846153844 0.18878667898936996 0.11057692307692307