9 0.7587691690134857 0.6550340077763882 0.23985002957211832 0.1328310097607909
31 0.3229852346643375 0.6290753157888352 0.21112985596462563 0.13456345423130364
6 0.5323037095973026 0.6506779363471149 0.2530133041085836 0.10912824906399593
1 0.7805314250403877 0.9325103881247857 0.2069622864695232 0.10085365793717954
50 0.3376365080189173 0.1738531904674677 0.18620953275553595 0.11717702975160275
8 0.5957877874607724 0.20875988514326874 0.11650821591328167 0.06993734890074797
47 0.8070640669026274 0.2447576075544865 0.161047470688408 0.04936578618141038
23 0.7791797576789841 0.4704404002536853 0.10573856591137834 0.1393131865206198
53 0.542846953170094 0.4615004370778307 0.17583826670818434 0.1025301522674146
39 0.3755906751197946 0.46178320259636724 0.1972209216154774 0.09822601122222242
27 0.7381202918959656 0.49065029693931567 0.23024486657601775 0.08699008241688055