6 0.6200228829682313 0.4495522544434926 0.12766956434232724 0.04715555488909008
5 0.5917003715599829 0.5658171231576886 0.20741604245369416 0.12019399182293575
1 0.44978254489226366 0.5797918174974097 0.19050520836988236 0.10557511592321561
11 0.7358192594482337 0.5867261693311143 0.09179367921622728 0.07798598565342593
28 0.8041392737122 0.8267200288277572 0.12604888758610963 0.1817429682220972
28 0.856912007754297 0.8465661662708338 0.1261048282573688 0.19135835283748184
39 0.6522354554820039 0.904284761114891 0.23631813697110715 0.13014503182685153
51 0.3737980769230769 0.9242788461538461 0.19951923076923078 0.1466346153846154
48 0.2841355330883072 0.1271126738848234 0.2271782480614258 0.21176391592811047
8 0.4785883459452719 0.17384950160356344 0.10372899897856933 0.0637027651422371
47 0.6528182440117664 0.18429088111440153 0.15647376268503685 0.040279671816082926
19 0.7971321228942749 0.37829083600593905 0.18606113042537478 0.16801917335846037
23 0.30520294782127394 0.43146493952894915 0.08009610730673686 0.1331345907799995
50 0.568515005258224 0.4189027949492971 0.1520436699083439 0.10512757540517384
53 0.4217685085310902 0.4364273159550323 0.16878668197837826 0.09090029745874026
6 0.7500053898736087 0.4210146267688065 0.15673948087351766 0.08595274873915998