9 0.7562384706240489 0.563147062597607 0.2250992215531541 0.1271529516426731
31 0.34009454866349415 0.5634316423886182 0.2084401867910952 0.13088232572337277
6 0.5364124637832739 0.5736364530482423 0.24871796230445534 0.11667417548343195
1 0.7602524720255471 0.8602997129085365 0.20704367052643408 0.15957443410852762
11 0.5921778344440545 0.8998520262941176 0.09917583582140128 0.09270027997841979
50 0.3770489727794652 0.12334331016270451 0.1838141161506092 0.11251494803646014
8 0.62367976881515 0.13512085844904287 0.1199710096316958 0.07004822758894884
47 0.8218558930654675 0.160796623647668 0.15029762389994297 0.04560851088962755
53 0.5464819331363138 0.38830923101059006 0.1523122836783128 0.10330081858193524
5 0.6588750932650584 0.3978960174205622 0.18870575261573344 0.11522688511230424
27 0.7786896522489217 0.4010110520629221 0.18015110763528186 0.0763032102677689
2 0.3670176459663309 0.4106029255473199 0.21173688426501008 0.08792118587613988