10 0.5115614183915643 0.4312265706867955 0.20857754069427514 0.06854973636003091
9 0.5960928792292768 0.574253997432365 0.17302351333117535 0.08024052474088418
8 0.7877862575620707 0.5765997912355029 0.1610042825619446 0.07932976189347626
19 0.6656747228652564 0.8413347985799411 0.1680784671203031 0.14459791318628573
6 0.5079709673160371 0.8460542534194457 0.15985959876957961 0.11520530163168712
50 0.3755075963822023 0.8488611062793938 0.1432005640075207 0.11873792595300833
39 0.7853670932529826 0.1622274899265565 0.2073489127444782 0.10202142994439548
16 0.48786251207224207 0.16669448610368492 0.13920177886246504 0.07288269646044981
28 0.38869816486727216 0.39835796775330734 0.1377213184403717 0.09914285158327593
11 0.7083829984559368 0.40787659845084473 0.07927351333117535 0.07313657453110277
31 0.81465589416976 0.41428496231673234 0.14459708027218182 0.09007392467633607