11 0.5590430204304233 0.6102646608665384 0.0825419364197198 0.0701870341672416
39 0.3908297322259478 0.6044780068118103 0.1596608123194399 0.08746148261423824
8 0.7499949476081157 0.6245976355539686 0.11124823385398568 0.0583356254117884
16 0.3695142603927328 0.8868250411301225 0.11862760000978986 0.07280065783830955
9 0.7467362932111244 0.9046457124770455 0.16212060103804157 0.0922831600897452
6 0.5315081485947609 0.9106055784191598 0.12617479385985947 0.10168876718790788
5 0.5986678933065746 0.20061167656908374 0.20061011078195753 0.09491076892862814
19 0.4052002348455257 0.1958801013292234 0.23406815795916033 0.07827963820111214
51 0.807662652279302 0.21384761693820178 0.23415207180629322 0.08549117666265059
53 0.41316447173531745 0.44113534227669765 0.15228144616363587 0.07299645018771682
0 0.6028445476301427 0.4614709397648358 0.18115557129216733 0.07556811835534041