3 0.6088424680325583 0.407987025519155 0.16860796291298913 0.07987621960192101
9 0.7634579537304044 0.5244796488793995 0.23826643661862826 0.14266879923971282
31 0.3298126861669019 0.6100606504859576 0.16865284738200423 0.13979022087859314
6 0.5456425615105338 0.5769310724404335 0.2568115612749962 0.12729909671864242
1 0.8174669936842393 0.8163454532186561 0.20338413500990937 0.16878266454364302
11 0.654009545366143 0.8874439061431525 0.11199309669474043 0.1019468656266708
50 0.2998563696991518 0.16899216341405066 0.1848920751094406 0.12664221194188738
8 0.5541477835043221 0.1329481442568214 0.11812719368221991 0.07605101564280793
47 0.7659800927175271 0.1097071796809043 0.13647641988875903 0.055873620814045157
53 0.5376576010538608 0.3906150641420638 0.18680617513871448 0.11480513374213813
5 0.3432664426450154 0.426912961369946 0.18518592278418403 0.1338537504034258
27 0.7350668333439887 0.36846701498303613 0.22379847522653626 0.08166188254615105