0 0.576774183454066 0.595919804354833 0.22244354292701182 0.1159576757640508
9 0.7672923435828107 0.6038458331780397 0.2410867030557563 0.10002644015919976
22 0.3722793720622788 0.6102441760532914 0.20966881474089227 0.09376325570939031
2 0.5935896179145577 0.9047284074598833 0.23256259248698896 0.1308285964231638
19 0.3546167860004456 0.9098589050091644 0.23563799190029167 0.1501713265879418
10 0.7588254213492017 0.9150319491671077 0.14982449336703468 0.09817577082070354
23 0.8477678309403088 0.15490942642133493 0.07854855032597094 0.11885540433889474
50 0.3836996070118529 0.18012365591584334 0.17576313611474986 0.0849842641717257
11 0.7520184383677808 0.18216842177622933 0.09610043640809843 0.07167416873404377
8 0.5837492075985501 0.19000568715686011 0.11027168085887909 0.06513439587655935
9 0.7963407496943234 0.42489758892033874 0.2176358506193195 0.11573375389603277
16 0.40438791038125227 0.44675299039457683 0.17509158285529317 0.06575349494095648