0 0.6344825035646904 0.6183352554535266 0.08956198726632919 0.06121847978922791
19 0.4655731499828696 0.6450347066384469 0.2475757106075855 0.10123902556251324
9 0.861892814770832 0.6551867133647155 0.2378343457535397 0.09844338250900911
1 0.5359792401606699 0.9357490772730177 0.2005066294399517 0.11851081029499337
2 0.6766826923076923 0.9507211538461539 0.2956730769230769 0.09375
10 0.9026442307692307 0.9567307692307693 0.16105769230769232 0.08173076923076923
39 0.8093572652467387 0.22487580959174644 0.23505255888371004 0.09113389482255628
50 0.4015852807635207 0.22505136443321325 0.1601553873984958 0.08088593038866995
8 0.5770660499942899 0.232201657851968 0.15712164005134382 0.06876875039452468
9 0.8151846814866299 0.47338003884007995 0.21202193925453783 0.10938517180418103
16 0.5844733300270877 0.48796640017429727 0.14522838952077435 0.07068285042379863