10 0.3727906960844922 0.4119552995397179 0.2656288295388104 0.1064142543945438
51 0.6991185048279237 0.6394010000978976 0.2166590551418187 0.14909608823384482
31 0.5238208911178608 0.5976816493046819 0.1870574038787762 0.1271258174606983
8 0.3426815503380466 0.5510846779978299 0.16458334691983995 0.10283561438083816
50 0.37438175458749173 0.8484491754394381 0.18043347451926223 0.14386882669048837
19 0.5709134615384616 0.9146634615384616 0.3004807692307692 0.1658653846153846
47 0.6969818093016157 0.2185321241981774 0.2022893879644895 0.08164853951426448
23 0.7405638904171117 0.4511046606154498 0.09819904034390046 0.12849472616657293
39 0.4278845644352157 0.3837384995470602 0.22071125003262237 0.12751741541398467
11 0.5560553456729823 0.43212394879545096 0.1092109412239462 0.09978842873230703
48 0.6867978613794593 0.4757296770185271 0.34448262208282543 0.16259779696908877