6 0.6530955665815666 0.44858924846115655 0.1180716778008316 0.06711107133301188
5 0.5975338305627779 0.5508506237547924 0.1911420442826404 0.14491695898132198
11 0.7597967598747407 0.5894844039352592 0.11231563148141041 0.09777239860546771
9 0.4392981809477916 0.5468763885625803 0.3133496487871103 0.19799740187628614
3 0.6893871225393198 0.6060903267817497 0.15776478653646928 0.09669296690555439
28 0.7105048361604566 0.8263611638442799 0.13501718966645898 0.17386142331481588
39 0.3512648164369464 0.7808831209672202 0.15899635681056837 0.1231352745978618
28 0.7443562709124922 0.8537602134934088 0.15709964878711047 0.18524282611283274
1 0.7013406092084555 0.8886403619799302 0.2335155875797993 0.1292182261158169
51 0.30626681904527114 0.8509133750482829 0.22899111153447696 0.18632186108058044
2 0.47688722942869116 0.8876584473030251 0.16402797098627858 0.12833541539058374
48 0.4467038159312198 0.10454332516872133 0.24392132658794205 0.20908665033744267
33 0.7611960934009012 0.17916265172003845 0.17671896735956347 0.1437396135262339
19 0.8149633186971506 0.42693065055295476 0.20081672329237732 0.19839024709348124
23 0.3702451523809168 0.35947430231775473 0.09269631290895711 0.13927561119206652
50 0.6027234443574588 0.40323488715760375 0.1369138976899169 0.11175387179984525
0 0.46852625628093425 0.3972984095402448 0.17582327988749144 0.12450884429546469
6 0.7707457339161906 0.46190891116073346 0.14904508939315683 0.11513883916626491