19 0.6934666846037569 0.41346153846153844 0.33249969217737746 0.13701923076923078
33 0.6928959195290231 0.5264423076923077 0.17286578935937305 0.1201923076923077
2 0.36024436498632084 0.6454326923076923 0.1513948906105275 0.08173076923076923
47 0.5676633204210438 0.6129807692307693 0.18843263958237808 0.0985576923076923
53 0.44071730451363295 0.9146634615384616 0.18840893104148812 0.13942307692307693
9 0.7942452841895571 0.8293269230769231 0.2381659512569683 0.16826923076923078
8 0.613700515002226 0.875 0.12889651811574346 0.10817307692307693
5 0.6720279839405552 0.14182692307692307 0.1988880727670414 0.11298076923076923
48 0.5183455467301712 0.18028846153846154 0.33546357071074284 0.1466346153846154
3 0.2819641378953047 0.25600961538461536 0.163554129474638 0.08413461538461539
50 0.4597454295716059 0.44350961538461536 0.18248117397475766 0.1201923076923077
31 0.3130645186804407 0.4855769230769231 0.19718426708759404 0.125