47 0.5224078679580124 0.4489749845813088 0.1745875768644232 0.07599511934577088
33 0.3145850660527773 0.5607035638044118 0.16883074205010692 0.13803298296277416
9 0.730840091772008 0.620438115129055 0.23630628477863252 0.14955779433228336
3 0.4980586658308755 0.6185536017690307 0.1436173275658121 0.08601175912201543
6 0.2614146703324779 0.8857458121787766 0.21763501695064116 0.17236389218275314
27 0.4134154744885142 0.9036081561745737 0.19024155687361122 0.12980400749638002
50 0.6923316476216345 0.16085566246414906 0.1806821223985044 0.13159167180623044
1 0.4117250742348289 0.1512347506317961 0.2524618061722223 0.12178995871312216
23 0.7161412839037389 0.4269589403555082 0.09447936170170944 0.14046911213334484
5 0.3688144946821578 0.3964109168157414 0.20969612666549153 0.1406517557997564
11 0.7993527219737709 0.4612308107590063 0.10549148994594021 0.09797010866910896