0 0.3633356967543978 0.5727353371602365 0.1979989430942554 0.11637947177688855
10 0.6835054893728276 0.6865519386814991 0.13692356233622832 0.08167664335572165
8 0.28695729368508766 0.8419721896831831 0.15162641837698337 0.09154378371526334
50 0.46941765647621847 0.8944609215750308 0.13769295490984299 0.10811895104802935
9 0.6334134615384616 0.9435096153846154 0.23798076923076922 0.10817307692307693
53 0.5656804649087898 0.23114015733873985 0.22684509694040939 0.1168829832652025
16 0.42359587327710696 0.1961916564655934 0.12469449722873914 0.07425530844071901
48 0.40333240727250097 0.39666105456759027 0.22420569279472177 0.19131829545304754
23 0.5390926320121806 0.4423219649063123 0.09229965710444404 0.11693710914025014
33 0.7548221446703504 0.5086192807140135 0.20364597275498178 0.14530954420442804
51 0.5860854110081013 0.48042076610478435 0.2368102054528914 0.12907005119720447