3 0.30264466652896826 0.6531362225044866 0.14548034999809667 0.0821197864135324
6 0.7223150123523981 0.7321128101217934 0.2020286139231697 0.11099536156039846
47 0.5224127300575417 0.6989269846304119 0.1523139477436515 0.07553917581395972
27 0.2641814676638043 0.9262735142466518 0.1636930557002924 0.11003425911709368
2 0.6658653846153846 0.9651442307692307 0.22596153846153846 0.06490384615384616
1 0.48677884615384615 0.9615384615384616 0.23317307692307693 0.07211538461538461
19 0.41047378840116533 0.25445735684807613 0.283003501721972 0.10372280040626726
28 0.5792929374118195 0.4660388602920217 0.12622913752875908 0.171362847386467
48 0.39951861844728676 0.486533665337891 0.2775556866016898 0.13674571869814756
53 0.5384428852253612 0.5312886817231471 0.21126605782257085 0.1046250602481478
22 0.7274648697085792 0.5647300384985029 0.2107621368679262 0.09500967563276319