31 0.35926897759705 0.5970094964623053 0.18557771968384174 0.13190553848601283
6 0.7373890908466891 0.6723564062576176 0.19401771360025322 0.10317126976936947
47 0.5256281984804491 0.6458424862287379 0.1371620644631603 0.06406639181314588
50 0.41232096753624786 0.8886301057018854 0.19038541199153405 0.13196148105076808
27 0.254918019071782 0.8855960636292289 0.14113309821563763 0.1025559015570621
2 0.6754807692307693 0.9387019230769231 0.2403846153846154 0.11778846153846154
19 0.42740713969036964 0.19376472518727 0.2753566859313645 0.09450690875482351
28 0.5965742740575991 0.40977690777552067 0.1388720857557209 0.16499995899230685
48 0.4019382425864676 0.4351694503133541 0.2620110504823464 0.12078138875286562
53 0.5518623372926014 0.47419125648775867 0.2104528397775183 0.09375168413062805
22 0.7454474596676236 0.5041011611295757 0.2126607874815356 0.0889719631053135