5 0.6357397047126278 0.49030011520895467 0.17078724282833319 0.09928914140217183
50 0.4127672942938745 0.5695581516012596 0.17608454859196188 0.11648036961805794
31 0.6599309176367197 0.5244452055370904 0.22740465517576533 0.14915172742332494
3 0.45597944211047714 0.6094575598350812 0.16357570436679472 0.09874268369372707
28 0.8234917376219251 0.7147284493886393 0.12791195708203637 0.191982088735868
28 0.7376655857044501 0.7380217886821583 0.13533332988183353 0.1997400849058512
47 0.6288758675933889 0.8086275780240885 0.1343798266235433 0.08453762209071741
9 0.8543477925989909 0.8083321595697434 0.23771948758534506 0.17391879923971268
39 0.6197408476978141 0.8752798049633024 0.1988382804472895 0.15658128120493067
1 0.44091197779103525 0.921211018181862 0.2091088917310325 0.09739589020618475
48 0.31744194622106886 0.17742355632780507 0.2789345960978272 0.1890346236901304
33 0.7556635045781823 0.07825709573612988 0.15486960188386362 0.12926407341580076
6 0.4216245576265693 0.18272107340151036 0.23851460381254247 0.11881249027073287
53 0.610173729317862 0.13245548067425517 0.17587471425370346 0.10926883115651954
0 0.3832751625154891 0.4290794414201554 0.16845334145390645 0.1015108349865364
8 0.414105493838972 0.4411345349399719 0.15389037497199054 0.09561022726195458