9 0.7674159028354434 0.4654366203254091 0.24603141776119541 0.15994340625266273
6 0.5465417600378932 0.527685725814236 0.2555349210340617 0.14132881886588924
1 0.8556745400151248 0.7555640606525237 0.21257336395675652 0.19144061595252337
11 0.6962313332348921 0.8367215453474157 0.10631465231400784 0.10052800028395399
8 0.5042770572858795 0.08311209130533419 0.11822200174072031 0.0820674583581796
3 0.6940969924328368 0.056519422963339776 0.1445384429226948 0.062127343044552724
23 0.664112650120076 0.27607009087940315 0.08711185341886818 0.10410332890365474
5 0.342395842787413 0.3652217980378785 0.1831957737336404 0.09824591657438216
53 0.5214334331615997 0.3453319496549948 0.17606814627899064 0.1122068571144622
51 0.6932105369868962 0.31749077611664644 0.29642827598507593 0.1487552840105638
39 0.38587485107386565 0.39850667204758966 0.2915087023348653 0.1292164238577967