27 0.4121501381075453 0.577160162331978 0.20031638533467414 0.14863990264425142
9 0.747948187106972 0.6369559561731735 0.24123771062131774 0.16063542487259225
39 0.41273132392700873 0.8837205509948025 0.15202968474052925 0.10978204843896386
48 0.7169786918184174 0.8936537577617425 0.25072722872636943 0.1395608418674958
5 0.26609670854239337 0.8922610447824683 0.18828316939762862 0.14553601601600646
27 0.8730095176518398 0.22689129637531497 0.1398006764540763 0.07302431565687274
47 0.6372018393059726 0.20094862813507067 0.14459438359395393 0.07090048569278605
23 0.3629054535180867 0.3792391703834195 0.08723771992920139 0.12523259910797926
50 0.6012708148637629 0.43148413822109166 0.17376219629984802 0.12786904436980484
0 0.7433354857935375 0.46408904523857003 0.18815730288729535 0.12390140063139107
8 0.41246400302822883 0.4244459275153073 0.14715206659376287 0.09748280147997349