33 0.48035476571924474 0.6331664951236136 0.15458982276618563 0.12053520420150111
31 0.32986957437589187 0.6293159415049083 0.16434509694040925 0.12612779347925213
1 0.6222644954023788 0.6833033760147749 0.18507043019257097 0.09664381166188409
27 0.6650863112867118 0.9506452389537368 0.06616285218339722 0.04856728531712689
27 0.75 0.9615384615384616 0.09615384615384616 0.07211538461538461
0 0.5540865384615384 0.9447115384615384 0.11778846153846154 0.10576923076923077
48 0.3737980769230769 0.9158653846153846 0.2956730769230769 0.16346153846153846
0 0.6899038461538461 0.9735576923076923 0.10576923076923077 0.04807692307692308
9 0.7807897232883108 0.2866192086543236 0.23363696672543072 0.11739521958910054
3 0.3638972775445518 0.24656468719341296 0.1335404892705091 0.05646541026138371
47 0.5244653563963075 0.27653863451881894 0.1505073019062713 0.06264667226667875
50 0.3625848016530371 0.4572936741399808 0.13925746371065506 0.08810785874641305
22 0.5598529376540522 0.5095398664551334 0.19639021316760677 0.07358647133599593
8 0.6737208784543566 0.5296778256668878 0.11727312442894225 0.07432260979455034
6 0.3328293656744296 0.48618898322980475 0.18528026453082952 0.10385535012342254