16 0.42563576624617644 0.6218215807561689 0.15967822287200578 0.095060679750789
8 0.7372725753130118 0.7107292618492965 0.10620591213790384 0.0769395502730073
10 0.5963047530258112 0.6924823423812788 0.1448633490492709 0.08443673534775743
23 0.7836538461538461 0.9723557692307693 0.10576923076923077 0.05048076923076923
9 0.6009615384615384 0.9459134615384616 0.2980769230769231 0.10336538461538461
1 0.3449519230769231 0.9194711538461539 0.23317307692307693 0.15625
28 0.86998004866871 0.2909466314321556 0.1450510672122155 0.20669670259802905
39 0.6610903063463809 0.2823321298958926 0.1626697643753385 0.10965184997180696
11 0.48087735179832625 0.24216494843004763 0.0941866813686728 0.07609908378330146
31 0.6283281750209457 0.5077558817973074 0.1654654074288424 0.11943532788513277
53 0.46619304123919453 0.47005132314294396 0.21913361661277347 0.14236414967060676