9 0.785947571512032 0.5521369013549877 0.2125619095761713 0.12387365734795885
31 0.4015641317978242 0.6126418846056652 0.18117202001733232 0.1181566829078129
6 0.5837668260341954 0.5904991582928594 0.2362506472175353 0.11255387437292318
1 0.8551494085095134 0.8219879248644056 0.1820113573703664 0.14700283675396675
11 0.7126322863745221 0.8850788423988069 0.09146031975140982 0.08912641837698324
50 0.33212110116303895 0.21047440546557955 0.15664394502293424 0.10063031203669472
8 0.5636026415532562 0.1868978111746738 0.11013153074682308 0.07045520738157024
47 0.7581742904559557 0.17642459173400124 0.12392510465512448 0.049240260673471904
23 0.7762087722552642 0.38280563706767295 0.10226476561692649 0.1302715821100461
53 0.5620787407876163 0.4239214640564883 0.16873312057158457 0.10338388208763842
27 0.7444912693622461 0.40899027620522094 0.21844449722873913 0.07841041476314049