1 0.43488441255363297 0.639993250216621 0.1735265340772436 0.13453077799997415
9 0.7738257153068915 0.6120957595675987 0.229150696457372 0.15282000077569707
53 0.5777174332165068 0.6415813399056567 0.18319786883290617 0.13760699734558474
11 0.3532385734723296 0.6894824929761134 0.09570825490972232 0.0906902540043195
39 0.7265091438189644 0.8991790449793078 0.16883074205010692 0.13900228371178422
33 0.8521235904229708 0.8827635585058327 0.1720178901678421 0.17282422316357163
50 0.5903011900837615 0.9244534962274324 0.17140243862478635 0.14638191547126395
2 0.453125 0.9459134615384616 0.18509615384615385 0.10336538461538461
8 0.4973204229009617 0.2291706645394703 0.0953725540680556 0.07626717708124257
27 0.7236166572651176 0.20779586581029175 0.1433375768644232 0.07482135073237288
23 0.7174152361457268 0.40535675366186436 0.07396173924455131 0.08436972201515704
5 0.35723197392884654 0.5001669733650613 0.22920664659764967 0.15522384692954325
19 0.7627536171661862 0.44572609505839067 0.2170195654075856 0.14717184197829908
6 0.5991811833631414 0.4810867041494232 0.2163481637242522 0.11832568813214522