8 0.7273057172820577 0.6779310103674816 0.09182164955185684 0.08598528472311173
16 0.5889307265899413 0.6450509489696559 0.11342829460084267 0.08218524082150033
9 0.4156999666670553 0.6105474540286994 0.2843950600480304 0.14061523636690948
5 0.6814903846153846 0.9350961538461539 0.18990384615384615 0.125
9 0.47869024889572265 0.9042678424613138 0.22452266888691325 0.1762777514782227
39 0.29467015161615867 0.8740682156250089 0.15690730288729543 0.12025822994135502
31 0.4529929422609088 0.2049428863629249 0.16646674683142082 0.1110906890620064
6 0.7214693137848285 0.29434960742800664 0.2553111583490249 0.09840632054341675
10 0.569908132166095 0.2668633762777466 0.1252377478528515 0.04668735318385327
28 0.4409605276790127 0.4086540243027984 0.13089853539724644 0.19354589043648657
27 0.7240277981397868 0.527578664818088 0.26741430012514467 0.11338920213653864