19 0.371428836325216 0.5592702275899314 0.2574972058493975 0.1264684426205535
9 0.7595703930375208 0.6435710622780255 0.24278028125157702 0.11917299315212632
47 0.568638080022073 0.6194355059200098 0.1766030951738433 0.08754539362112695
1 0.3641478725340095 0.8526513397016805 0.23434028733516593 0.14796320632702128
2 0.4998631408579606 0.908365547503344 0.30915336577914015 0.15560828499081827
10 0.7212843023086004 0.9431435969559824 0.18199848283102243 0.10199644087983345
50 0.41072913196811495 0.13706657614628373 0.16026591822149236 0.09946672821565408
39 0.6787049133660616 0.1932135227950564 0.23306694741127826 0.11671320632702102
16 0.8558997940328338 0.23425991323688394 0.1328441182800401 0.07527442983122977
9 0.4320759813387258 0.39541710442957867 0.316266955015764 0.15324639434041648
6 0.8218602326400687 0.49052825422607305 0.18670822591380004 0.09962056506161687