2 0.7551720905971405 0.5248780050115818 0.21506590822097385 0.07469477816171582
33 0.2934651019392556 0.6038805381764085 0.17735002957211818 0.1333638813315242
48 0.4627523962370598 0.6362828810463943 0.30412397453265866 0.12579369090619416
19 0.7249027180545938 0.6659074585929 0.2638884911105798 0.1363858709990793
31 0.4735050534064114 0.913606602391739 0.19810278328610556 0.11729245567149003
0 0.6526442307692307 0.9411057692307693 0.19471153846153846 0.11298076923076923
39 0.2920673076923077 0.9290865384615384 0.18509615384615385 0.13701923076923078
51 0.5264423076923077 0.9663461538461539 0.1346153846153846 0.0625
51 0.71875 0.9783653846153846 0.14423076923076922 0.038461538461538464
27 0.35353736214082454 0.215842539850961 0.14928020039649967 0.055601362834126464
3 0.5654588752049117 0.23889659778370062 0.1566177190966993 0.05825704146026888
50 0.3044407151317025 0.46338145441255657 0.15875938315393895 0.09912242607565357
6 0.519653046829906 0.4925710439660598 0.2902150401835104 0.08931627781134129