5 0.7657433590573266 0.5627716216397856 0.2140033765156764 0.14185657848992875
1 0.6004388786710927 0.6113083867453111 0.25039684545309693 0.15189153234097752
11 0.39074718859613705 0.661731529280697 0.09917583582140128 0.08765731283356579
33 0.8902511827291655 0.8597733344757988 0.17604550299873048 0.15583211489496415
39 0.49038461538461536 0.9411057692307693 0.1971153846153846 0.11298076923076923
51 0.6999161781211272 0.9140260165009748 0.19569599301666002 0.1680751159232156
8 0.40045790408658577 0.21731368928412342 0.17145910875165007 0.09330414361258633
47 0.6243780778968803 0.19589054264796818 0.15337302331324557 0.05705065232825083
19 0.8047428754645527 0.37219730677419083 0.1936279234925422 0.1776625292562226
23 0.33156676140411523 0.4808276995299281 0.09613097081978281 0.13808213949957976
50 0.6695704161588278 0.4234875590632826 0.18498933435465842 0.13671323079370515
53 0.4513813203879785 0.4714089559565008 0.1886218084583015 0.10311532720461422