19 0.7015700676321006 0.4270602741429481 0.3545401784752441 0.10918620908237209
33 0.7063349609509125 0.5338915526384075 0.15748073642461471 0.10940598988728649
2 0.3893900532488151 0.6133643807003202 0.1571171097537058 0.07815598988728649
47 0.5841855055574864 0.6016208808762815 0.1666765518043352 0.07357209814070541
53 0.44399153423839716 0.8776465773336535 0.17444751591342575 0.1218168716384615
9 0.7869451947559494 0.8348179131133008 0.21562058463496406 0.14921033171549153
5 0.7094685866425186 0.1613233738623926 0.212629341551188 0.09867361234444462
1 0.5503951712530083 0.20107377542841837 0.21248948513930033 0.08665438157521385
3 0.326487837915596 0.2363252153973288 0.15219753231650301 0.06842870499134626
48 0.6962177773833591 0.37070976487825796 0.2901957579689501 0.15575247837179504
50 0.4912335291705622 0.4319559114172539 0.16936011078195753 0.09766650981944462
31 0.3575683260907022 0.45669575958728603 0.15516080411790142 0.11656157820854715