31 0.4534566584437751 0.6310096153846154 0.1618013612277241 0.10817307692307693
53 0.6153536881045015 0.6598557692307693 0.17333097854101817 0.09134615384615384
11 0.7696195106271725 0.6742788461538461 0.09118054063373211 0.07692307692307693
5 0.6970072863745223 0.9050480769230769 0.1740304263352133 0.11538461538461539
1 0.5587382983118672 0.9447115384615384 0.20019295490984299 0.10576923076923077
2 0.3616928584759021 0.9471153846153846 0.20719465903312304 0.0985576923076923
6 0.7754691484448284 0.9579326923076923 0.23307740849007474 0.07932692307692307
28 0.5228200635440825 0.16466346153846154 0.13073547191239976 0.1971153846153846
33 0.6911813496556511 0.2091346153846154 0.2029465249607867 0.11778846153846154
51 0.5151908789608249 0.4807692307692308 0.24063867084871063 0.09134615384615384
39 0.7559951630219574 0.4951923076923077 0.17792883651045208 0.08413461538461539