50 0.3690515847323242 0.5804354907569199 0.17482020317961086 0.1279371503484981
9 0.768573523986862 0.6882783528920826 0.22112318129599373 0.14075360764089268
6 0.5607770335371149 0.6414216027686148 0.2492134537101806 0.12683404220612962
1 0.7463942307692307 0.9362980769230769 0.21394230769230768 0.12259615384615384
11 0.5865384615384616 0.9555288461538461 0.10576923076923077 0.08413461538461539
23 0.7406484578848473 0.24708866507992772 0.10789045158790217 0.1339738286706374
5 0.46883509376152444 0.1931103783684845 0.22365300768850105 0.14319941308543171
8 0.6702389173010305 0.2554662506198738 0.12434965556812581 0.08142488761156458
3 0.833942194620607 0.30875829232706276 0.13991677625843726 0.057680141107952866
53 0.5941517047618028 0.47629050574035475 0.17621620742416783 0.10874834040842174
2 0.4089346814866299 0.4478402353869686 0.2169556118008913 0.10705780219635376
51 0.7508324139778326 0.5330624388062344 0.28096737466482524 0.1369948976005211