27 0.36949723595943773 0.4673274033128249 0.1789195528325869 0.09411822136935136
8 0.626513817509647 0.5613149838594642 0.1357622071928666 0.1024745999551849
28 0.7636326318978275 0.7803761222761876 0.13436532720461422 0.18894311671422687
23 0.43788434883460997 0.8718251707366726 0.08069751591342576 0.12009663925930553
2 0.7360032288350994 0.8841040926154611 0.2996992574548242 0.14809622957109608
39 0.4951923076923077 0.9290865384615384 0.21153846153846154 0.13701923076923078
3 0.90625 0.90625 0.18269230769230768 0.1346153846153846
50 0.4572770513024466 0.16349492031538168 0.1912184964255936 0.11850640680491044
53 0.7163330102702792 0.12297203341576558 0.21768877540027903 0.12167964553237122
5 0.7744885282524454 0.37097499411164503 0.2058373723253137 0.13575299855835063
47 0.6056746995421652 0.4225342717779543 0.13774648411104862 0.06648685242691202