22 0.38534296515578276 0.5860024275749953 0.20596333541394346 0.09731653970889062
9 0.7601061057647948 0.6347662194107216 0.2277238286706374 0.10490571178666468
2 0.582008340403352 0.9011762793495307 0.23311895104802935 0.13864347652189635
19 0.34837371128265404 0.8788040228544276 0.23332874750149338 0.1506627072911271
10 0.7340380781653594 0.9321866901897284 0.14363117257671476 0.10584098276626172
23 0.8573724968765498 0.21467175949635278 0.08614866133787139 0.11685319055886449
50 0.4203191527210021 0.17901813998787078 0.16986368381555841 0.094283304194652
11 0.7650132367615907 0.22710449988033446 0.09741262487463095 0.07379375624309784
8 0.6048847321413181 0.21426979271140772 0.10930597777178332 0.06679201423502348
9 0.7944075911555656 0.464644696558829 0.22329376997918068 0.1264564085898943
16 0.42000110451744266 0.43631359703079486 0.1720157742252475 0.0799021865622679