0 0.4587659363218223 0.6188322078917283 0.2153688430935656 0.13755645736291447
10 0.8284695886378359 0.5317318097346878 0.1500454277040553 0.09696024601081167
8 0.5286148049993067 0.9117822853814469 0.16217654360279654 0.10741609711590172
50 0.7335151393649706 0.8482155089026046 0.1504090543749645 0.1282102460108114
9 0.8961663527028725 0.8032153651377322 0.1842307282230761 0.14498662910506419
53 0.47104027689370764 0.18323177415175104 0.24664681437594338 0.14214551638999537
16 0.315474731246645 0.2385449457151079 0.1379422830876918 0.0889082410595675
48 0.40328335993734554 0.4329626008884694 0.24276217438671197 0.22113625287103608
23 0.5586670922489537 0.39327442932511253 0.09763632411985931 0.1341275780714914
33 0.8020569363585339 0.324614313925366 0.22059610463692209 0.17395033626648898
51 0.625848913785947 0.39938512467506854 0.25643002668559345 0.15724096650483674