33 0.3845225375189472 0.5831808927452388 0.1478653518092301 0.11688053750760694
9 0.7860207877760101 0.557569105949508 0.21760486155314632 0.12456680817641864
3 0.5688083662414646 0.6029000673337445 0.1329108205209787 0.0701145451676405
51 0.6751526924300643 0.8510771222306521 0.15289681437594338 0.13647561187733934
39 0.8061902790970573 0.8435536533477523 0.17201569847720213 0.1283174478178074
27 0.5382593324315328 0.8722771263834096 0.1597726974489504 0.10817591573963024
6 0.4025539098687355 0.8921841311745032 0.19865380514615302 0.14714804915902763
50 0.6621773856681107 0.14951835044653833 0.17662759180825122 0.11185482987984732
8 0.3919544779782504 0.18803936066706173 0.1184038297507689 0.06181009128921252
19 0.4596694380110461 0.42470777975259766 0.26330590975860074 0.1304315531504148
53 0.5991764287812559 0.4213544691842047 0.18839508103608343 0.09113097734263977
11 0.8154666400626545 0.40015304562317067 0.08500172513832119 0.08089457070108598