1 0.8240652479303748 0.6048794003492676 0.1596077662972835 0.10252054577328533
47 0.4386829282310698 0.6359845751380415 0.1415216808588791 0.06577720889119175
9 0.6473138786710927 0.6300830807825215 0.28418804551012317 0.0955946746996059
2 0.4689790590370322 0.9192690666267372 0.19650490017929664 0.12802824568546356
19 0.6767438630298603 0.9229339822741449 0.24284953036183027 0.1491200501896072
39 0.4448031416965914 0.226961374319045 0.13249390534551908 0.08221233506845713
16 0.7696428818897084 0.21499310967956817 0.12461081362452393 0.0626877181629446
10 0.3127327866770433 0.2599867307978316 0.12609127404661713 0.036343359695551344
9 0.41477799105697766 0.46698072518195227 0.2782356694100659 0.1313585193325548
50 0.6435058571749644 0.4522964146228206 0.1806547725798741 0.08657516572059223
6 0.7796169694182845 0.46624400736894844 0.25277015719525875 0.08951364246802576