50 0.6746808293538726 0.6209786072023096 0.18454297703080405 0.09659201230261708
9 0.4734295180348499 0.6295263226541478 0.1906349061522523 0.07276338510241395
39 0.8499376767166239 0.6212768837922413 0.1796233237891027 0.09404827658993206
47 0.8139821817098501 0.9059007081218339 0.14792548005306663 0.08352360984209366
33 0.4498851170663384 0.9229133324192992 0.16537150219438684 0.14884712467245692
53 0.6364630963244379 0.9343436682089266 0.18499082076683984 0.10620739691800168
8 0.7285729149956169 0.2060446152822969 0.09369733346034301 0.05313867084871063
10 0.35799205796162537 0.23847240524150373 0.14557430043887734 0.033042840611324426
5 0.7945536457319391 0.43722065290125334 0.19701005153607062 0.10655712081509924
1 0.6123388289728434 0.46792756958335313 0.20343786345954606 0.08994003207643458
6 0.44119157504390205 0.4785515178548583 0.1831994458226958 0.06774585845646322