2 0.7493485338744119 0.3968632112487626 0.25162255406805545 0.08427238032903425
33 0.4427432341613243 0.5743600004343826 0.168550991348718 0.12504517393131934
1 0.6337930532518157 0.5656332030452872 0.21869605973782066 0.11356226700071768
11 0.7659766166432154 0.559134680903823 0.09073271218119672 0.08210337643362838
5 0.7016552222670399 0.7957379561514544 0.1708988873622865 0.1227813358723532
23 0.32466999722622786 0.8513030691539841 0.06988139876047009 0.1144971497335565
3 0.5545720008211531 0.8751219074301417 0.15843205547083355 0.10285052616718487
27 0.7394443541061958 0.8739566687397843 0.23071529050705145 0.1142623074751165
47 0.666126041474839 0.9298396038938695 0.18140746434401714 0.058577530192905576
28 0.4946867465517093 0.10278388684543628 0.13473130465213692 0.20556777369087256
39 0.6882792822076921 0.13275459175154997 0.17967501987350415 0.08728367594417973
51 0.5007183073721684 0.4041425106072801 0.24530621785096166 0.12231389450593351