47 0.5506075803738242 0.7087623147282957 0.1385298845567309 0.07528654261429597
28 0.5588942307692307 0.9146634615384616 0.13221153846153846 0.1658653846153846
23 0.21758694309951848 0.894235027455599 0.07245309533514967 0.12307088605342724
2 0.4987980769230769 0.96875 0.3004807692307692 0.057692307692307696
39 0.24759615384615385 0.9483173076923077 0.20192307692307693 0.0985576923076923
5 0.49390243964877123 0.24813319662896532 0.21886391015865397 0.12456680817641871
0 0.6291042957980234 0.28486712449698204 0.31507370645277777 0.13425675710952786
53 0.8063454845694442 0.32599064540784933 0.1170631195929488 0.08085870795050017
50 0.3451666791865915 0.4824874264371193 0.17319083323557705 0.12110590935626867
27 0.6720887511706193 0.5590339444790466 0.2252921466563034 0.09145941973101739
6 0.5066150175371791 0.5296384941078949 0.22104395575138888 0.11513357613051575