33 0.3400905672931576 0.49742596632310493 0.18614509298252171 0.15114946073784863
5 0.49467232442504544 0.5384531068446454 0.2227628176697331 0.16265454893315068
8 0.6738644297453589 0.5889747625525513 0.17428957884906063 0.11218400132166564
1 0.23449915058060264 0.8085146296496218 0.20990353833122372 0.14760157081676795
27 0.6650687498840541 0.9045766108286759 0.19153652621062306 0.12027740145383238
6 0.37777357168810355 0.858522142783599 0.16409045331326697 0.14280410012835995
6 0.5405587782161333 0.9027141217005945 0.11928113350035884 0.11409414814015133
9 0.8705327168095228 0.17485610844587107 0.23704588649793015 0.16100658421127137
3 0.4481784211726583 0.10232866785063388 0.1533787124797343 0.08233000556622248
47 0.6195871013814693 0.14247394670154617 0.15550254244382097 0.07764829349719135
50 0.39613609750778234 0.33751742859228934 0.1782335140465843 0.13875228925263436
11 0.826717551081679 0.4539491119597051 0.1112295464695417 0.09929313050109091
39 0.5469839315844663 0.40150708781402933 0.2039757812644933 0.12811884110867638