47 0.30029463599129563 0.4394970637760181 0.13904762937239656 0.07849212973847895
31 0.3980166040366183 0.5986882266377045 0.15486960188386362 0.12749332558139578
53 0.5465083691665151 0.6684122217962929 0.18632943622212217 0.13670745503592047
5 0.5646143862811098 0.9152220068290897 0.1868190496780587 0.15353437811284382
1 0.4170673076923077 0.9182692307692307 0.22355769230769232 0.15865384615384615
2 0.23213633503964434 0.8782617104807344 0.2180690496780588 0.15553696910583006
6 0.6201923076923077 0.9615384615384616 0.23557692307692307 0.07211538461538461
28 0.5727263901579064 0.18120167987051858 0.15752750350180514 0.21883947942754955
33 0.7257110960881078 0.26205107364341274 0.22075267494958284 0.16530639918221368
11 0.3677422178578269 0.43900264437629655 0.09125048541315141 0.08502660513388445
51 0.4870602158073908 0.47675299434932117 0.23440635929904524 0.13978836425589974
39 0.7090791229678539 0.5439638376068395 0.20047273402752097 0.12801634318652974