47 0.3197496300520444 0.4788113072751592 0.14333791791070064 0.044094355670303835
31 0.43707256918581894 0.5946915947620505 0.15745575261573344 0.10426043535553148
53 0.5930707367135226 0.6009940973156271 0.1767704660039349 0.10677616285189619
5 0.6841573990097594 0.8143630131275281 0.16243133323828993 0.10909609799885363
2 0.37601483611860687 0.8978698986707767 0.19848902554598225 0.10930587551607555
48 0.5420900811275717 0.8908953067069404 0.28198262208282543 0.16026214045254777
6 0.7516024452206315 0.8788612894147453 0.22551894234031467 0.1262866354389614
9 0.7147740901890075 0.17849675734786874 0.22940324891625388 0.09987229808228316
50 0.33975882298316545 0.21552722017383882 0.17154305290908217 0.09472896174703578
11 0.3770374841630338 0.45564611736997307 0.07927351333117535 0.06775521767776574
39 0.7203830305817155 0.4308166924948261 0.16125611503424098 0.07544225184500747
51 0.4986415753258448 0.4489302510107105 0.21679640904499864 0.08297544916628616