9 0.44902390858735947 0.5836885832947123 0.19369234890055564 0.08268366633234965
9 0.8062677978230167 0.5930826286268268 0.16915037587377996 0.05341791957926745
19 0.6685109259432982 0.8287313037007807 0.1894301273718702 0.11384974775096388
27 0.7959506480956597 0.8974419024778688 0.09268885114832442 0.07851752996940456
27 0.6313501254932375 0.9039218831210969 0.07050876498470214 0.04688989635316924
39 0.5444738836149681 0.19728992882488233 0.19812240759201247 0.06113296952911977
16 0.3846810533202381 0.2036859908867248 0.11622380119847196 0.05009096903017894
47 0.804362003619856 0.2083833254300566 0.17847204545431503 0.03675883366511566
28 0.750871708289009 0.3812443687613381 0.10845462537357192 0.1556923626366384
33 0.8092983035684411 0.4223046534770179 0.15792837162771342 0.09888120004888006
53 0.6098839710259424 0.4317968899891382 0.15502101398555312 0.06999308691203346
22 0.4406226136332527 0.44677425075221355 0.20040037587378023 0.0539633903582742