8 0.525174073688803 0.538786184973664 0.1295352885918016 0.08944786883290604
28 0.3371122734244699 0.5767761669990381 0.12155764707901212 0.12047406827179494
16 0.7503695090990904 0.5023328219278306 0.18051997877721548 0.10023820639412406
51 0.7728315572506619 0.8067260812218475 0.23440221445183612 0.16631700549380377
39 0.604761518458707 0.8526539485933221 0.16457491737092056 0.11667347848910262
0 0.4276430061253428 0.8879883088336 0.2452876230731163 0.144962140810577
5 0.43620276154226834 0.12910027604182656 0.2034143965484425 0.12478021919508563
11 0.7556521179072002 0.080849472909775 0.10511888633735658 0.08167682896858984
3 0.29957169310830517 0.1706950223589207 0.15016206206712782 0.07072065086463687
48 0.5508774927816955 0.34611481675416617 0.33283392652086713 0.1662071150913465
22 0.7317379762037743 0.35390981193242455 0.3179171502624297 0.11063890285149605