9 0.8273772126101318 0.6013207969039509 0.26018011838334587 0.16571401285110893
5 0.46592270541898234 0.6624837154015857 0.20679183805413798 0.14882779537983382
39 0.6237371099985076 0.6458346755077188 0.2037164386408351 0.12948506521505557
28 0.7507861337273725 0.8821459725103957 0.16089746307044914 0.2090885766996537
0 0.9038461538461539 0.9038461538461539 0.1875 0.15384615384615385
28 0.7209897873777924 0.1319780311093822 0.13585167164280257 0.1791228135134097
1 0.7494047827697542 0.18969998599886592 0.24432999078392334 0.12417686263167038
6 0.4906860790132486 0.23764837850504206 0.253861431241876 0.12222086021386024
51 0.8624084782839865 0.4361568250897964 0.14568835431879906 0.11718261818345474
51 0.7527129688601003 0.4562470067407665 0.09858822671937653 0.074189975821899
8 0.40795946850972575 0.5145878825456951 0.11127901074806414 0.0939805497227132