3 0.7925608095643158 0.5561223421838947 0.15071696574679494 0.08340884392324223
16 0.6981094229327452 0.6826140060820562 0.14110158113141033 0.08268023364531601
8 0.4822108702088136 0.6469895055979453 0.14848097001378208 0.09043822981529924
28 0.32143292860251016 0.622766052673449 0.113150629529701 0.11895594127307546
48 0.6137749623009608 0.891747202058395 0.28684300414967956 0.15851323396805675
39 0.2830213106469544 0.9280903769624961 0.16351949847991462 0.11797345292449644
2 0.6754807692307693 0.9639423076923077 0.24519230769230768 0.0673076923076923
47 0.4807692307692308 0.9639423076923077 0.18269230769230768 0.0673076923076923
53 0.7027852794021366 0.2747977778661701 0.15541275777393165 0.07896545675451308
27 0.3836891924836537 0.22412917843281285 0.15753685322638888 0.0671283785547639
6 0.5515387972008011 0.2549087044503693 0.2200928033666667 0.074268191515131
22 0.594803003274786 0.5170562936632032 0.2084652235793803 0.09018435174464629