9 0.8025678747855713 0.5852956624069985 0.2513551177674201 0.16911250262959415
2 0.5081392678201798 0.6708779468654918 0.31019146922696245 0.14647279459807713
9 0.8605769230769231 0.8774038461538461 0.27403846153846156 0.1778846153846154
22 0.5300480769230769 0.9435096153846154 0.22355769230769232 0.10817307692307693
10 0.6622596153846154 0.9423076923076923 0.13701923076923078 0.11057692307692307
23 0.2757510767832968 0.26811779605950875 0.09245953275553595 0.11499497428076928
33 0.6515325122634743 0.17722627790892148 0.2283347197575322 0.14216664367478649
8 0.42030190742036105 0.2546758564693914 0.10980059840638773 0.07938488309529923
16 0.6857532694912957 0.18882688756511806 0.1853276710849078 0.10035010667467968
48 0.35028218957543733 0.4991398073990387 0.22882841909289253 0.1973991550729702
19 0.7707816285694487 0.4368996225426823 0.2638884911105798 0.13339051116356856