6 0.6065342307080448 0.475649231586881 0.1159440410321675 0.05277848587281657
5 0.5715797199236399 0.5860567885919248 0.16715206360475457 0.11733541959601997
11 0.7735447537702833 0.5906787542539693 0.07776221539440524 0.07524975981264685
31 0.6495089209469966 0.6060670614785675 0.23205590975860074 0.11998004866871007
47 0.39170998555552844 0.6460672636434908 0.1832517333398598 0.055521064170421235
28 0.7862047978382568 0.8461231165236055 0.11505064412671227 0.1824882289555943
3 0.5635833014249004 0.8598993516805575 0.1185996287274121 0.07451105048234652
39 0.40694170347161385 0.8871864982149644 0.16226045744992953 0.10992798268465265
28 0.8352179168095157 0.8709676140958902 0.12243001028251618 0.19720515355341478
22 0.5409696911570687 0.9431524240409429 0.18867479385985947 0.10860157800486547
1 0.8088942307692307 0.9314903846153846 0.23317307692307693 0.13221153846153846
27 0.37259615384615385 0.9579326923076923 0.16346153846153846 0.07932692307692307
48 0.2856093097243365 0.15353185545419967 0.19219749130880995 0.20485337338362605
33 0.6354528389560847 0.16057192921771346 0.1208636184693703 0.06258976893803012
23 0.8086416471625182 0.15800888879616914 0.08318527591440492 0.12833027364709124
51 0.6326993517725185 0.19052205691587593 0.2704894769377617 0.11914339011349516
53 0.4424878215125187 0.20922637583994222 0.16908039795818133 0.07656798420554992
19 0.7720648020002122 0.4078395227242899 0.17738281643244655 0.1706118318802932
0 0.37354296712042234 0.4505231567701795 0.1835594174460135 0.08196337186272892
50 0.5480036266097229 0.44199947557647695 0.14526570667874075 0.0948192611871746
8 0.39500975481077205 0.46582777671748643 0.16432864821524426 0.08117977806341323
6 0.7390674389169257 0.4533922081879449 0.14998948513930033 0.08780362117546513