9 0.5454449641160193 0.5716185801737971 0.21739509298252185 0.14547738136719948
22 0.725057093720972 0.6213142894657573 0.2273142023285559 0.1096294855129712
9 0.3479677049929902 0.5606571447328786 0.2078034169080272 0.10448611887973619
39 0.45300469720217823 0.8806116258775826 0.1597264938311041 0.1036469330658796
47 0.6096984300277076 0.9114961588457018 0.18178113350035885 0.11123610514365367
2 0.27150245831634856 0.8633678396625453 0.2148512387337958 0.1430315759226603
48 0.4489021701879473 0.14705483204609268 0.30309350595170453 0.13256483890906434
0 0.6878285548467702 0.1885110002545401 0.21727879342853193 0.10225010988866139
50 0.36003210969354027 0.3947498008268012 0.15251495536956566 0.10352105519380107
16 0.5501696765305962 0.42865267295599013 0.1492710606464408 0.0890560189800314
6 0.7294199316279045 0.46394628497021984 0.18306491489516682 0.0920472952035772