8 0.5999992184860526 0.5729705525211 0.14681872606929092 0.09229931610897452
6 0.41266121860780997 0.6242376385329057 0.153680540633732 0.08044793576057703
50 0.65767143817024 0.860285113106944 0.1544499332073465 0.10689024345288473
51 0.9014423076923077 0.8377403846153846 0.19230769230769232 0.16105769230769232
0 0.49532901617941355 0.9025512611073714 0.20301646974020626 0.1248361693353634
28 0.6403765801813671 0.10055782821100373 0.13993118785126712 0.18582551554786336
5 0.8174789411655765 0.11086856982366385 0.22712487605808734 0.12779951689198737
11 0.46002742259961305 0.18533888502596116 0.08828708102394928 0.0621103588961539
3 0.3558797835838225 0.20219579305112148 0.14117169640856467 0.06334126198226506
48 0.6232847623683555 0.38119338160699734 0.32122459995518493 0.14200080313205155
22 0.7946223146959177 0.4000574601088135 0.31996559392563356 0.09873157236282076