5 0.34804631733607916 0.625561936618579 0.1865537389341837 0.12335201372044907
6 0.7562232034182066 0.7022987669944649 0.19549757029011133 0.1047936176814443
33 0.6081730769230769 0.9266826923076923 0.16346153846153846 0.14182692307692307
27 0.3127326338288442 0.9122584954517355 0.1642475702901116 0.10260840480820968
1 0.4699519230769231 0.9290865384615384 0.21875 0.13701923076923078
48 0.757902137516248 0.2746915615480963 0.2776480603080414 0.12252802058067355
53 0.4101419147041606 0.2274814948850939 0.20768468937420656 0.11044177647884232
19 0.5607028087434315 0.2633117572707697 0.17277168085887895 0.07203077799997414
39 0.7226037212148554 0.526448304501513 0.12726649225066622 0.07364469764678488
8 0.6253318961415182 0.5172366797810513 0.16365996118808687 0.08578148173128661
22 0.39013272177303954 0.4899462288905126 0.20195361133476128 0.08366328219065239