9 0.7525555742160261 0.6057551616225421 0.228819856206116 0.11818413227660275
39 0.56111392218323 0.6029916593130872 0.17241178532756424 0.09285881751175232
47 0.4140314630625785 0.5967892332546471 0.12768706241621622 0.06060171498675233
28 0.670475844622792 0.832668857407852 0.12104195647941815 0.1757065796699788
11 0.3565236664080223 0.8604310180919335 0.08531351911905762 0.07882538169252157
23 0.3744701988250355 0.8840778286484506 0.07748950944781718 0.1170631195929488
8 0.7694416135383491 0.21912657689620665 0.09425713813038837 0.0646261053305556
51 0.7155099389173861 0.4562141537606298 0.07228663994374565 0.05691101560651714
51 0.8281844725433044 0.47284324146848217 0.13177032258019766 0.0967153574347223
50 0.4139095603465268 0.4391694597568907 0.15340493796481305 0.09721890869722244
19 0.6087627069392503 0.4635116273106833 0.27359724565712074 0.10001641571111144