47 0.5631828691574767 0.47933680368649356 0.16863284513241547 0.06935644574401145
33 0.36310423167565414 0.5836204355082389 0.16178492103406172 0.13156259806926804
9 0.7700666738790592 0.6511526572698554 0.22671673752353746 0.13901491944965044
3 0.5430011085153014 0.6435819359473476 0.13987060229315035 0.08260413196811484
6 0.31800993650659237 0.8990854446336219 0.21004365129257715 0.16477158256755714
27 0.4644837224613376 0.9207547726830716 0.18334961057960306 0.12042491032426739
50 0.724618962351318 0.20118856484506734 0.17376219629984802 0.12484080573230184
1 0.4507413302427266 0.18471054571608367 0.2457936699083439 0.1133562055566583
23 0.7531496485664895 0.4607815072259444 0.09211533807596776 0.13593360900828755
5 0.4144940368143851 0.4253135017850355 0.20263632048163155 0.13082388873896741
11 0.8346566551122219 0.49591277204039164 0.10146500450287131 0.09065232898486833