47 0.5998358495150269 0.5576617922797646 0.13257784950295118 0.08461618122230327
28 0.696779506086857 0.7373442063776742 0.13593561580023453 0.18077002737614942
23 0.36823095576088605 0.8659519671257401 0.08592797710237357 0.12352258133939906
2 0.6700815363834425 0.8488516470912845 0.3031975166802802 0.1587803192740069
39 0.426480338143534 0.9163878518874943 0.21109586541723774 0.13342363334264243
5 0.413762951140772 0.1463693987139672 0.228090676809025 0.138916970224736
0 0.5514957072481755 0.12035360058615133 0.31504885913464686 0.15446237309088692
53 0.7221001072196624 0.08099625715275965 0.1254502551988448 0.08672617970140607
50 0.3533767713330166 0.4320801785910168 0.16525490017929664 0.12675490576157572
27 0.6825663405067599 0.3538552378488057 0.22451161245112963 0.10516517484597543
6 0.5164758282919528 0.40143014437082997 0.22758701186443248 0.12449389330165908