2 0.7981146696739192 0.5459851695800368 0.2268006769328668 0.08132261175734275
33 0.35844773735496877 0.6110421283408424 0.16734786258139778 0.13416234267294305
23 0.7713498501689551 0.6759663181030505 0.0759177948881112 0.1232287336646555
48 0.5311050911962277 0.6541521648423749 0.34523247796601314 0.14141058531661235
31 0.5520667116731525 0.9195547340145963 0.22017653540125792 0.1315095333133687
19 0.3317307692307692 0.9387019230769231 0.22596153846153846 0.11778846153846154
51 0.6550480769230769 0.9579326923076923 0.3870192307692308 0.07932692307692307
50 0.8108348666332184 0.27955004340277156 0.15007339898643307 0.09501515963700345
1 0.6270944779170644 0.2588357738506624 0.20279018667678272 0.08274696566204441
53 0.5763043404495135 0.4900498662754504 0.18392304411692242 0.11321337186272878
22 0.40553336403811485 0.4915089328449861 0.20527794667776172 0.09005645334849724