31 0.4965722921012394 0.6028101692944026 0.17431512120571732 0.13176568207412487
53 0.6510045838872667 0.5913931631616045 0.18085489406320165 0.11742651899818067
11 0.7976655325417106 0.5678730124124427 0.10018443977817035 0.08765731283356579
5 0.791754800530666 0.8020522134357996 0.18667023477697514 0.1391170769475513
1 0.6774931084134883 0.8764027744454506 0.20852877202960857 0.14417651079664204
2 0.49759615384615385 0.9266826923076923 0.22115384615384615 0.14182692307692307
6 0.8786057692307693 0.8581730769230769 0.23798076923076922 0.16826923076923078
28 0.43580419450207913 0.14922364313517214 0.16347479417092878 0.2085209313029361
33 0.6004116755735361 0.14993775290111516 0.21356038620531892 0.14904014566908963
51 0.5133332929291151 0.44683988211817877 0.24402665966725579 0.13257684926307542
39 0.738313516254401 0.40260816830286267 0.18303481834902977 0.11264679797286598