10 0.36009138104576555 0.4990744214855969 0.25942795943872454 0.0822918790089494
51 0.7405646725917521 0.5450937711771376 0.21457122254403607 0.13702091489985882
31 0.5640456969198296 0.5855832276110526 0.16721804848240204 0.10764330668853048
8 0.3861847900761043 0.6284905158400027 0.15167490680028697 0.08824470976349566
19 0.7851199279062515 0.8112214121946206 0.19333292290317006 0.1848181251530057
50 0.5502086040676226 0.8644014101748289 0.1877088905670893 0.12950169233216696
47 0.5614166196275274 0.19765577222986372 0.19114021046687396 0.06468176002545338
23 0.6967687291038764 0.36904043272294157 0.09085500393884434 0.11636361026783167
39 0.39781731622157007 0.4493899917372754 0.21048727925163283 0.10814678977132736
11 0.525991206897255 0.4346863599251083 0.10147415375927735 0.09246500514125809
48 0.652111271656293 0.4140010840107035 0.3295358136440124 0.13115199799244556