48 0.5417344907315974 0.6417549874208491 0.3205950969404094 0.1333147700826312
28 0.6753634222537799 0.8638617045461016 0.10338388208763842 0.17218124851634187
11 0.3719634697596451 0.9092017771530803 0.07661757415181605 0.0768907939063521
23 0.39539453884624937 0.9310979013402628 0.06819125078656321 0.11713999667774125
8 0.6382211538461539 0.9519230769230769 0.14182692307692307 0.09134615384615384
5 0.4866795646301793 0.2339340921997911 0.20437114420275976 0.09707443410852762
0 0.6118544265787281 0.24795407155635216 0.2884358148079556 0.10006217908964497
53 0.7825974482812245 0.2612951454411242 0.10264021316760691 0.06416221705426381
50 0.3955010465512453 0.4812239975296032 0.14901273788487865 0.09112754235170548
27 0.7102999755359621 0.4977981836896971 0.20826955437799854 0.06613252503052564
6 0.5543647270433499 0.49860253641707264 0.20175746371065506 0.08970885018599016