3 0.3330491621686698 0.589967346265884 0.1471240962581333 0.08840124692920553
6 0.7520657980608427 0.6558869822571796 0.20495625562858885 0.11411838317373525
47 0.5527423596410191 0.6280385527951527 0.1542796940484125 0.07899569665207934
27 0.2809740838070138 0.8654746481721554 0.16891254848871134 0.11547305763628876
2 0.6832407150452451 0.9186627437732336 0.22905065783830955 0.12443321558331497
1 0.5029732312585057 0.9203028329989278 0.23390030564944636 0.13178464360369227
19 0.45679290113078636 0.18258898105904497 0.2842552083698824 0.11161886858688672
28 0.6178148291637923 0.3906080930636127 0.13320448537638896 0.17452003979114997
48 0.4361985780380745 0.417523539294401 0.2796433084115972 0.14513282518189394
53 0.5741610062796547 0.45797286832393314 0.21213982375449775 0.1095205252043015
22 0.7638620675001863 0.4873029999805611 0.21450171440489968 0.10237893152218246