19 0.7027108348391647 0.4515144658683552 0.3708775809152326 0.13503044537584932
33 0.6780290555812225 0.5632109982853684 0.16894051882434105 0.12322188076524612
2 0.33799670615451005 0.5598227012168742 0.16634088032108763 0.08945607367739108
47 0.5348253948296914 0.5999207507819814 0.1759422797686576 0.08750007125958088
53 0.3171086945376875 0.8455741579197155 0.18344750675430668 0.13831672329237732
9 0.6725282961115483 0.8891000935325356 0.23166428150937762 0.1645944035110187
5 0.7859939576973762 0.18088087103512568 0.2241590545237288 0.1137777514782227
1 0.6153698288616511 0.180416635811304 0.22168528253080844 0.10164655977498291
3 0.3812046063788731 0.15527513456949027 0.16149123250995095 0.08202061334783452
48 0.7126688560660118 0.39217239136308835 0.30625343811768246 0.1800844232345291
50 0.49152200249607303 0.4012708742149943 0.17849996276846652 0.1140543398858976
31 0.34979996817776093 0.3898477231676799 0.16657862817393926 0.1303214582927757