33 0.3498614563876294 0.6023274842150168 0.15396474263485802 0.11010580709324021
5 0.5049655137777107 0.6056369994106521 0.18051901126117473 0.11327904582070102
8 0.6780424368546338 0.6106730235288568 0.15228532862472285 0.07404811478554817
27 0.7002466205423847 0.883321838215055 0.06440333587815307 0.04268394888029192
27 0.7913128720535162 0.8919893552176118 0.1000724788441616 0.08693240656139577
53 0.3803934739496613 0.902900308788124 0.19175451549234238 0.09680184664087549
0 0.5898079916692992 0.9029758892130058 0.1109194337336453 0.11365449337138173
0 0.733534936697028 0.9179898836704841 0.09481694280043321 0.07717713238717203
9 0.7523642571746273 0.20362790730165933 0.2399433995032746 0.10060458838311191
3 0.33196776865922534 0.23713059260574162 0.13400291340568266 0.042308501329611496
47 0.498057075142628 0.23714909007799548 0.1488738340647955 0.052343554621513154
50 0.3507374384445682 0.4543160838049296 0.14401347521744648 0.10261448951402376
11 0.77649811001036 0.46068669437756743 0.08749344340488573 0.07456345189506745
39 0.5110114042141973 0.4758293071029598 0.16223659604213453 0.08153943236476462