16 0.480143772864051 0.6743963702635394 0.16068224475701187 0.08173360804732255
8 0.8087013033673596 0.6729089645902075 0.10518394888029164 0.07033256048770763
10 0.6666866565150963 0.696926655936823 0.14604933349567625 0.07342915416889458
23 0.9447115384615384 0.9519230769230769 0.09134615384615384 0.09134615384615384
9 0.7536057692307693 0.9579326923076923 0.3004807692307692 0.07932692307692307
1 0.49158653846153844 0.9663461538461539 0.23317307692307693 0.0625
28 0.8140480338833562 0.1972027236075986 0.12833162575855375 0.20640516565894493
39 0.6082136849582491 0.25356191096282693 0.161101913433529 0.09615668497039934
11 0.421448105142154 0.2645943951586487 0.090760871957215 0.06923964507081824
31 0.6440193443566441 0.49493043410429816 0.16145163733062654 0.10817591573963024
53 0.47524763830468536 0.5061271394943087 0.21956361369945135 0.12697065433026494