9 0.7718275427864866 0.6774404328968383 0.24084850518696918 0.11798389231664458
8 0.37844897273554295 0.6573770000149205 0.1247644420081587 0.08452666713747885
39 0.5707566650432352 0.6730749394160941 0.16803367277738948 0.08805870350274302
28 0.6177884615384616 0.9134615384615384 0.1201923076923077 0.16826923076923078
0 0.7644230769230769 0.9591346153846154 0.1971153846153846 0.07692307692307693
1 0.5600961538461539 0.9783653846153846 0.24519230769230768 0.038461538461538464
28 0.788827737276092 0.21739823079907178 0.11554300241570832 0.17969939207875177
6 0.533613238118674 0.2519850347522357 0.24687098239837588 0.07770718042880399
51 0.7329648331206849 0.5224660888392665 0.08340944393683741 0.06436393193780642
50 0.37231796526434235 0.4954362986159122 0.15396031975141009 0.09890058881688574
53 0.5897960974079998 0.5155984387173359 0.2426228483260398 0.09654550117454387