10 0.4446581796651904 0.4284295248912325 0.2530219896675551 0.09672518092956423
51 0.7771368381846272 0.6086670202999401 0.20173231327414926 0.14024337490452318
31 0.6066583544492883 0.586726286810255 0.17453450816495292 0.11753131804584896
8 0.4312042900913929 0.5601737594627062 0.15454824151729477 0.09511310886191801
50 0.49743219696889945 0.8367181065233706 0.16791057880543894 0.13406439344802862
19 0.6881907519029087 0.887923323136817 0.2770909856177009 0.16731826241533282
47 0.7272283599006406 0.21350164328904148 0.19217033840451264 0.07264183492208759
23 0.7949214599943983 0.42860098958925713 0.08833182325621973 0.12362053056431349
39 0.49408964692805857 0.3963245142449522 0.2057005640075207 0.1164008118158905
11 0.6191888582913327 0.4285397445464734 0.09925977997883323 0.09286027668888562
48 0.747725950570512 0.45580035870293073 0.3268162574315815 0.14774058075392069