47 0.5068602240285743 0.46243625802761146 0.17928351097300557 0.05532516572059224
19 0.6481239757794769 0.5726356461525 0.2795898227661856 0.11943723778823845
31 0.3435349620352104 0.5842345561268265 0.2221073494121365 0.12429799485183023
48 0.6240376800245142 0.6112706408293598 0.31352344803770976 0.13042391155242547
33 0.24293803185235882 0.8814605587009113 0.14504438293022057 0.11635592734687569
3 0.4284538543750298 0.9034257259424009 0.16336587002853603 0.08588952114619111
22 0.669293110825872 0.9288456484338459 0.2341965249607867 0.1271915871302488
23 0.43056462756547514 0.15079944896077613 0.07794652496078669 0.12082488751080941
50 0.2599265230321079 0.14504697706877337 0.18521031975141009 0.09398260263195962
53 0.5478855862109184 0.1807903709845115 0.18782400024351467 0.10129209031841259
1 0.6889652272771453 0.20214540064200676 0.14880290354662024 0.0804941334890121
8 0.6661214626342777 0.44851718917673 0.10305988184412375 0.0762292520617914