5 0.6064774495741083 0.5627021503665596 0.20819288922758153 0.14166669383967978
1 0.4479059171570951 0.5441620311398997 0.2094771260413376 0.11771217645865033
31 0.7836112995451843 0.6179142758758103 0.1937698123045046 0.1411630288950874
3 0.4353861761121714 0.5855310806998768 0.153069055162786 0.09174299929925092
28 0.650211093716113 0.8296397224737887 0.14301245466606033 0.18498933435465842
28 0.7497764344298865 0.8478326274036885 0.13339707005067572 0.18465355772493006
19 0.367311326903154 0.8298877763566741 0.23312703823811523 0.16173690464476975
47 0.5362819704736149 0.8649190420305288 0.13165836164618866 0.09579519419005432
0 0.714281860719587 0.912877656999525 0.22686385378830592 0.13031901632990583
33 0.8812204596921952 0.20639106116343106 0.16917154609599822 0.1283043565515357
6 0.7392255952142588 0.20773799722115488 0.18694682318464992 0.09772590981099238
9 0.45337543328679875 0.4031173103527393 0.3099381542271831 0.1620192715287505
8 0.7316947435874313 0.4596114735575346 0.12651478653646928 0.08841576741365167