1 0.4963599687175353 0.6063028803183996 0.18034953036183027 0.14759622510573486
9 0.8239660365671007 0.572362682123788 0.2356379919002918 0.15017132658794205
53 0.6245879892398603 0.601475482595574 0.17014653664442092 0.1303214582927757
11 0.40544880286438406 0.6488673843590527 0.10415141644395777 0.09604851307453216
33 0.8862943696628256 0.8452585149796785 0.18076925114899084 0.15961545587496537
39 0.5639996590655453 0.8938457119653852 0.25875306770700024 0.1248486282357243
50 0.5084134615384616 0.9411057692307693 0.19951923076923078 0.11298076923076923
8 0.5478174824764056 0.1899106521574936 0.09867217087680877 0.07659382197574502
27 0.776209571964664 0.16694907520150806 0.14426130364245346 0.07631723356807012
23 0.7677198253463913 0.37054825220737253 0.07256563981422914 0.08497763631703055
19 0.8026748059404348 0.40937532066811405 0.24757327851209035 0.148327285104141
5 0.44096846627698905 0.46332670070421045 0.21855923635107233 0.14217606158834045
51 0.6408501785488221 0.4486369771555013 0.10364775149936524 0.08162543615145551