6 0.634569217365248 0.5390729760229915 0.1254755118004194 0.04450251314519909
5 0.5959110378617523 0.6581811396342968 0.20315381334769164 0.11164459224046953
9 0.7074241568330112 0.6842701103388424 0.31859437129706225 0.11980963396029846
28 0.7908653846153846 0.9242788461538461 0.1201923076923077 0.1466346153846154
1 0.6358173076923077 0.9507211538461539 0.23798076923076922 0.09375
28 0.8401442307692307 0.9350961538461539 0.12740384615384615 0.125
51 0.35336538461538464 0.9603365384615384 0.20673076923076922 0.07451923076923077
48 0.3285009281814696 0.1838962533240287 0.22107161643734147 0.20588420569640614
33 0.6838086327914699 0.23391154221657764 0.18386710155216718 0.10627734169742119
19 0.814396994809793 0.480581939012822 0.18945798976643255 0.17372492356395242
23 0.3128594163443387 0.4948446063500081 0.07605765129999917 0.1343798266235433
50 0.574906618395947 0.5000647411528885 0.14783738052685264 0.10763201615997477
53 0.426902252240143 0.5101862141416655 0.164356619497622 0.08167932192360347
6 0.763342814290283 0.5283919447988583 0.1523933312931465 0.08613729033419823