19 0.6911057692307693 0.5384615384615384 0.3004807692307692 0.16346153846153846
31 0.39783653846153844 0.6586538461538461 0.25240384615384615 0.15384615384615385
48 0.6850961538461539 0.5925480769230769 0.27403846153846156 0.16105769230769232
33 0.39903846153846156 0.953125 0.16346153846153846 0.0889423076923077
3 0.5709134615384616 0.9399038461538461 0.17067307692307693 0.11538461538461539
22 0.8161057692307693 0.875 0.2403846153846154 0.16346153846153846
23 0.36538461538461536 0.22235576923076922 0.0985576923076923 0.12740384615384615
50 0.20793269230769232 0.27283653846153844 0.19230769230769232 0.12259615384615384
53 0.4795673076923077 0.21033653846153846 0.19471153846153846 0.12740384615384615
1 0.6298076923076923 0.17668269230769232 0.14182692307692307 0.09134615384615384
9 0.3004807692307692 0.49038461538461536 0.24759615384615385 0.1466346153846154
5 0.7019230769230769 0.41586538461538464 0.2283653846153846 0.15384615384615385
47 0.48677884615384615 0.4891826923076923 0.15144230769230768 0.07932692307692307