1 0.45949582568235176 0.5307407494279525 0.16409087101320424 0.11769362737490113
9 0.8129171509689956 0.5005441748652419 0.2434877199292014 0.13433312527516414
53 0.6084993243012764 0.5280698629300222 0.1761240869502498 0.1207975140031461
11 0.36432713250429943 0.5735306845603186 0.10143703416724147 0.08761110921571949
33 0.8425029159990347 0.7847817619394971 0.17381813697110715 0.1374844289851893
39 0.48294610881744254 0.8369629721240225 0.25771500450287105 0.10151932769059667
50 0.42006151670253555 0.9067089518216658 0.207499953460583 0.14425223462119874
8 0.5533523171512617 0.0939300572071366 0.09890732150306224 0.06583648573622435
27 0.847886404252582 0.06596175789205735 0.14221850777573736 0.07556816990559859
47 0.3788846712319157 0.13653256716284284 0.15405593136337578 0.04501821037999744
23 0.8021426001352817 0.28730190764733304 0.09191954572656048 0.10387799991312349
19 0.441202062695174 0.3708031218792982 0.3036537996144292 0.14985255841638925
51 0.6454940228525601 0.36491204919913334 0.12541955503444385 0.07939580554913252
6 0.8210377253384957 0.3438741505806026 0.26973423527210205 0.1022193681649955