27 0.34603775069776554 0.5551891592207069 0.1789195528325869 0.1034629016383932
8 0.6022283373525213 0.6639255377851612 0.13816605334671264 0.10974247413102844
28 0.7355282296308444 0.8913583613333939 0.13676917335846037 0.19608471142697517
23 0.40384615384615385 0.9507211538461539 0.08173076923076923 0.09375
2 0.703125 0.953125 0.3004807692307692 0.0889423076923077
39 0.4567307692307692 0.9735576923076923 0.20192307692307693 0.04807692307692308
3 0.8834134615384616 0.9759615384615384 0.19471153846153846 0.04326923076923077
50 0.4409502430470643 0.25615529582087965 0.1936503138618175 0.131082554785789
53 0.7035428851050359 0.2282648921011325 0.21768877540027903 0.1330447972109357
5 0.7547623671228697 0.47907416832694333 0.2058653436076915 0.1488905990752854
47 0.5846199024996532 0.5229326669219668 0.14015033026489476 0.07388100606585095