50 0.39440317976300593 0.5669728910666293 0.14961185341886818 0.10723819419023783
9 0.7671112149516781 0.5260408671294959 0.20019051882434105 0.12700528725963606
6 0.56137259128061 0.5740692515494085 0.23856814627899078 0.11482233985463544
22 0.7797791533139982 0.8268835108679097 0.202664290817261 0.1391645261237467
8 0.5529327621168177 0.16604544182252123 0.08929193688767748 0.0652764533567053
39 0.3604642403792553 0.20489032018213338 0.17591430943302788 0.0847398216954538
27 0.7705787352145982 0.13654778615897917 0.1493880907338316 0.06877665572869948
5 0.3929433324366585 0.4048532837768936 0.1687167561393042 0.08672364356466061
23 0.7440936706636967 0.3519601788475244 0.07524645949560019 0.12934025094127277
53 0.5623795233632755 0.40099232847248534 0.1495838830832386 0.10243050188254553
51 0.4047248153530377 0.4450186279178794 0.28910485618101917 0.1273778944624952