8 0.44769080181971105 0.6003224092934236 0.1481452691721155 0.06661009437888013
51 0.810001174306196 0.5816955488297152 0.18778176057948753 0.11753840412769115
31 0.6365046251771896 0.5977104626523736 0.16089185176495738 0.09799995079076823
48 0.834705007893696 0.863309175500624 0.21629422346207258 0.20678839592615253
2 0.6607328825723283 0.8997567816309746 0.21209997281933768 0.12983734772069783
39 0.4778308434655981 0.18349285750132568 0.19907363952510693 0.08642826053957918
11 0.3525231176940704 0.19525950466384392 0.10034809679658133 0.07806989950055879
1 0.7858308769294335 0.17385202779950554 0.16759983896399597 0.07644924925328571
47 0.6566376312257477 0.1975959488076882 0.17397212532136747 0.04047547079272619
23 0.8369500480781513 0.40527858370461006 0.08475207680576947 0.13075871590853097
53 0.6656615196120188 0.4297349303481077 0.23088314092788473 0.11083034874894956