9 0.5256225726648432 0.5201965370417683 0.2794754863978196 0.12604235039895578
9 0.7885989860742382 0.5453958667546903 0.18548773854496814 0.0791691928046118
19 0.6189382311074352 0.7953617413323095 0.2098898144466144 0.14320964741460157
31 0.6738351079470823 0.8591263880370258 0.171218498467854 0.10468722773092601
39 0.5496206814101593 0.11256012789277764 0.21440381823019605 0.09303696910583013
16 0.377794629497511 0.11516091681574141 0.13015732150306222 0.06841460874009747
47 0.8246512885083219 0.13097961491608953 0.19260138083180323 0.06280440611068566
28 0.7514870163068276 0.3158894402845197 0.1259929469148505 0.17868344089502267
53 0.3942990923595443 0.37602480662748 0.17116255779659484 0.09507184311554126
8 0.8292064464401985 0.3805945012635922 0.1542657088805977 0.08197429411931786
22 0.5948943796953651 0.3847966260186826 0.21675172371278292 0.08357562995144445