6 0.5921428606092178 0.544967428572526 0.12187098239837588 0.06469271243629612
5 0.5402061128374304 0.6334434164736445 0.19284152688946554 0.11202217795704018
11 0.7200527951364565 0.7005044122524517 0.09118054063373211 0.08210337643362838
9 0.5989733158746134 0.6826166957687158 0.29760580709324047 0.1661194491137934
31 0.35359328440696564 0.6334100968127702 0.2320025131451991 0.13830076901357777
28 0.6622596153846154 0.9194711538461539 0.13701923076923078 0.15625
39 0.2863627630600218 0.8751022021330838 0.17883811864290566 0.1256052063108384
28 0.7055288461538461 0.9350961538461539 0.15144230769230768 0.125
22 0.4074519230769231 0.9399038461538461 0.23317307692307693 0.11538461538461539
27 0.23395851239521606 0.9382678013713779 0.16646916397657735 0.11288593506720883
1 0.6574519230769231 0.9783653846153846 0.23317307692307693 0.038461538461538464
48 0.37101314757308795 0.15886049357047452 0.2154995903117907 0.23093070425453974
33 0.7039715635343632 0.2601223920369714 0.12469449722873914 0.07925579745425278
23 0.8652519520071054 0.30322678459520186 0.09271932578096116 0.1349879918182437
51 0.6922799460993116 0.28954043253308936 0.2825532271553878 0.14364478515989917
53 0.5019785418318666 0.250765558220917 0.15848823294142428 0.08602360309026179
19 0.7648571979622519 0.5261318535102755 0.1998874521385824 0.18922527106987658
50 0.5478686792745311 0.4942303516928873 0.13734323101274543 0.10159045331326698
0 0.3777201881971005 0.4662609308025777 0.19998312057158457 0.11003835608783337
6 0.722907669265865 0.5610113312819348 0.1590477911767804 0.10525437232103102
3 0.43457315853637407 0.49846727892584586 0.15113680492104684 0.08079588649793014