47 0.4031543205021651 0.3985017949112177 0.14005565674157858 0.0841005487518752
33 0.7307997461817739 0.5708569247465858 0.18307592430508116 0.13984275020148978
2 0.39085550400581415 0.5403874946457763 0.14496129827418544 0.08684058150160358
53 0.3568383848475566 0.8296389596143501 0.1958787488736275 0.15991398592196487
9 0.7109832731188146 0.8832223381149448 0.24586977197982443 0.15142471440949762
8 0.5258646770381532 0.8660333984843646 0.1271018181922185 0.11914968127192083
31 0.4797774680897598 0.11952985107482801 0.1950951550743119 0.1406832166911955
5 0.8514349240123421 0.1887634995667581 0.21903566738785904 0.13996030351676061
3 0.7067144086570006 0.18682986667399515 0.14687539830345933 0.07498944403031399
50 0.5511377828010752 0.3917698263186074 0.17517874126914143 0.12251154723074337
1 0.7493530511250263 0.43456060715178985 0.21172617970140586 0.13705217746909099