1 0.41299107905300336 0.6124888200619023 0.1743076595015378 0.11989737623028691
53 0.5563136236718145 0.6494045471069098 0.16472024616853068 0.12151632541407437
9 0.7487751580325835 0.6783236403542372 0.21276919796307625 0.12303696411052173
11 0.3387515611075487 0.6304443300824091 0.08743354257454496 0.083987149653605
48 0.7776442307692307 0.9002403846153846 0.18028846153846154 0.19471153846153846
50 0.4970023498628616 0.9183411783399897 0.14557339078489442 0.12715806993549542
2 0.3385303170444699 0.9210153783340217 0.16483213129804114 0.13113171002945898
6 0.5913618236179707 0.25600763172378643 0.08955767590461505 0.060144912357658134
27 0.8224387384933552 0.3012874666975024 0.13517481026293673 0.059065480657744605
23 0.7549788882632141 0.4891065790491923 0.07326220719286661 0.10444441958313232
5 0.3929483005679695 0.4379402151661192 0.1860471774469925 0.0968400359043989
19 0.7878503805758014 0.5278132986308327 0.17908738052685236 0.11788597856147011
51 0.3933818554448224 0.47519983055073456 0.2728653518092301 0.1279425701733885
6 0.621957024678039 0.5118699797434744 0.20522200411300637 0.09360213753682387