33 0.5146627932857366 0.5847435945180174 0.16385519932158132 0.12769369027091151
31 0.3635272064259076 0.6302026913551193 0.17598633037136757 0.13306118724864893
1 0.6670552484237173 0.588451382900753 0.19448974777852557 0.1027068747207208
27 0.7656358911063026 0.8407926207328995 0.06842669511324792 0.05121182922917565
27 0.8581839680293797 0.8364821247735524 0.10068379763824818 0.0959365521405234
0 0.6554496140722749 0.8807426124610788 0.12539366086004286 0.12590231532676746
48 0.4689277365880869 0.8990349694621618 0.3112171665298078 0.16577330724546122
0 0.8008543313098284 0.8751708990304565 0.11007538169252157 0.08676901126117488
9 0.7483474609837072 0.13923507380902558 0.24541811813151726 0.12428882356567937
3 0.32107628726404897 0.23597523605169754 0.138250133855342 0.059266388623129
47 0.4872773727211002 0.21382685468199883 0.15764875350694452 0.06737361455673962
50 0.36297172477932654 0.4477343055308295 0.14624497428076935 0.09325611757900222
22 0.5721902653743586 0.43438793504127626 0.20594947714497883 0.07922821785230437
8 0.689056554537286 0.41693859897260843 0.12427465805448726 0.07782539224984411
6 0.33686411298963637 0.4861695107225395 0.19465759819935913 0.10991841318225941