33 0.32279081836305146 0.47628144427756003 0.18798078961052903 0.16635535012342254
48 0.48320749182297146 0.513811413502361 0.3033654049951444 0.17577411376412672
19 0.7379617743849161 0.560515560346013 0.27949483177154705 0.17861956364667228
31 0.4838332944143013 0.8078655412416504 0.23315020158901342 0.15566053380812434
0 0.6634387650262744 0.8426237934494112 0.19924452296287115 0.1457018559513804
39 0.2993514545430459 0.8060497727170995 0.21425520898797262 0.1637061244833918
51 0.7329709775059171 0.9008314377359233 0.1614240033491049 0.09227772308289144
51 0.5917583684038924 0.8954836328461084 0.14096460616853884 0.12416555105410564
6 0.421264515563912 0.08614740161601249 0.23669873153522458 0.11999528998546144
3 0.6224206574030684 0.11673578948729489 0.16134005919167294 0.08987387692904511
50 0.34312046976865906 0.33359608973115595 0.17976192125980553 0.1369205235497248
53 0.564835220151656 0.3661223407718329 0.24740539019722618 0.1520301869555201
27 0.7579556491607953 0.40821482118422436 0.2102564238429166 0.11783682331780007