5 0.7086545311604531 0.5907213945274578 0.21718526391504156 0.16062450048411095
1 0.5382961205132092 0.6318751005558044 0.2533128820618079 0.17537601979556536
11 0.3234875337715335 0.6732647532795111 0.0990751435168398 0.09641056304105214
33 0.8329988309834566 0.9004919448017874 0.17882162162820675 0.1745369824493288
39 0.421875 0.9483173076923077 0.19951923076923078 0.0985576923076923
51 0.6370192307692307 0.9254807692307693 0.20192307692307693 0.14423076923076922
8 0.3388661906244757 0.2191020513967767 0.17363632978951493 0.10926883115651961
47 0.5682586837190985 0.2064495448591902 0.15659962919537007 0.07193607086245621
19 0.7507699855849632 0.39568283308581836 0.19577441121546302 0.19744666582031528
23 0.26351644508056343 0.4837058614810586 0.09697897105491915 0.14911302585618608
50 0.6116825526894415 0.4428102917481947 0.185907293579412 0.1534488247731582
53 0.3884465192414894 0.48115856432486975 0.19051919353769728 0.1201592837582752