10 0.4115457152277623 0.47578309338734026 0.2538726865216559 0.05341775388041807
51 0.7845358140968504 0.5762445170273379 0.2003328444686821 0.1128705682318868
31 0.6095446583220178 0.5910295364906956 0.15403026453082952 0.09070449848209705
8 0.43342152424968144 0.6082044164667106 0.1438553216800888 0.07136184412181734
19 0.820048832550776 0.8469988790823726 0.17062162961591115 0.16539155694559327
50 0.5874702862527648 0.8647183569994371 0.1714167458431087 0.11013106668950948
47 0.6211900320764345 0.20667987905789828 0.18628521509628534 0.04301917335846038
23 0.7480399556403872 0.39559242881796747 0.0728590535354164 0.10898424411202748
39 0.45111712142388605 0.4317874513416057 0.19708966096180175 0.08399644310335547
11 0.5786258847468614 0.43687569853838804 0.08891658403872481 0.08273773539636299
48 0.7034859951880225 0.43352251291433136 0.31749180299236784 0.09260654568377423