2 0.7812716033998954 0.508344886485671 0.22958220404547666 0.07768623341758658
33 0.3409962069219912 0.5831693085235461 0.16804726773141176 0.13079214686281387
48 0.5003484646644464 0.6175977488389337 0.2904336251241014 0.12305406812261939
19 0.7560224057235192 0.64576857083622 0.2664790821670254 0.12702231885599083
31 0.5364514697861947 0.8918613379768175 0.2159563536455637 0.12285564539607098
23 0.6826245329731889 0.9234242392724824 0.07396159340586905 0.10828755549219338
39 0.33044009178938105 0.912328343285605 0.18980776098810567 0.13875918274124124
51 0.6430288461538461 0.9411057692307693 0.38221153846153844 0.11298076923076923
50 0.7885637069194563 0.22838075372002614 0.16248430819124865 0.08735502777871898
27 0.3849063698814202 0.20346082757912803 0.1475577197798576 0.058005208987972616
3 0.5925873064449555 0.22514507412008036 0.15476925824139606 0.05825704146026895
53 0.5560863118161744 0.4559829818409011 0.18192487387548192 0.10004581180740638
8 0.3866361376153669 0.448862995665016 0.15750877872078492 0.07757175484847013