1 0.44288774423089533 0.5993665445364496 0.17221460616853873 0.12573144909447967
9 0.7922581732400347 0.6833798985188448 0.23015874633314282 0.1373146492235756
53 0.5860158017480157 0.647373161520478 0.1841498927803374 0.12423836578804116
11 0.34409348665674894 0.619451443672195 0.09171246488756656 0.08606656814774147
39 0.6574519230769231 0.9362980769230769 0.17067307692307693 0.12259615384615384
33 0.7908653846153846 0.9399038461538461 0.16826923076923078 0.11538461538461539
50 0.5128206317024454 0.9199350517195175 0.16774269049057475 0.1349825285709011
2 0.359436170722168 0.9214984411188504 0.1774420192633916 0.13811498500267333
8 0.6313797559648384 0.2300519757575173 0.0935287019393881 0.06942179764029983
27 0.8670558904050358 0.2850714666665862 0.14607754069427514 0.0638137695535099
23 0.7991682480729398 0.46932858316650355 0.0699939053455191 0.08202334886856104
5 0.4062653181552419 0.44315240728703525 0.23264653664442092 0.1399006479469035
19 0.8334249705346527 0.5234703351621971 0.21805557140647983 0.13400004022232181
6 0.6577343409103034 0.5041635822054268 0.21928419935627674 0.10052834663795711