10 0.551007326646321 0.5546916658715977 0.18965488294811783 0.06490016134253387
50 0.7752139593462837 0.7305377224351897 0.15805797051747505 0.11322429411931759
8 0.3691333254181629 0.6707731706420206 0.16899975981264698 0.08755221373200492
9 0.6130033185741255 0.7189377307408371 0.18823052904341622 0.0887845774199964
19 0.43509615384615385 0.9519230769230769 0.25 0.09134615384615384
6 0.6382211538461539 0.9771634615384616 0.15625 0.040865384615384616
31 0.4685929043584473 0.24091456246983112 0.19132001977166352 0.10576554595791848
39 0.829712638315842 0.30984850400375036 0.16899975981264687 0.08755221373200492
53 0.6082873867217601 0.2727627603998085 0.1520748875108095 0.084070049351166
28 0.4395406802582835 0.4511436375898015 0.11532337034183165 0.18241281497572223
5 0.7562157927474741 0.5461509146718935 0.18459822743469717 0.11732264034415238
11 0.6289098958185424 0.5355826590851026 0.0871710413569632 0.07991082190419427
16 0.38074848885740936 0.5040139538717108 0.12533873214375837 0.07516401081863905