9 0.4494673273865289 0.5502732121702576 0.21627502822348355 0.13599810895306297
9 0.8036953475368518 0.6252923895561783 0.18292490680028697 0.09793782565238428
19 0.6229383230567402 0.8359333341284023 0.22035897151588693 0.16499830826021566
27 0.7362216954429287 0.916741672998834 0.11491717401819584 0.08160532197518276
27 0.5702281570031095 0.9044572486157241 0.0828271254489173 0.06517965405911934
39 0.6173780483738065 0.18120948963568576 0.21275111731059937 0.1166132942612948
16 0.4568340929390834 0.15892456698469373 0.13174409709511892 0.08268364020217546
47 0.8741221454689254 0.2395539470000262 0.18703255863358045 0.08622668580515139
28 0.788410756654067 0.404292588863331 0.14964366784929994 0.18441540596870873
33 0.8384359387888617 0.4553752408353899 0.18304120635427687 0.14105301096061604
53 0.6378084975310379 0.4284205298293422 0.1742895788490609 0.11414856688531148
22 0.4667972546412066 0.4128384271374609 0.2145949310849263 0.10715195510690911