23 0.49954485943141297 0.5103283340146842 0.08240823351828598 0.140894560375854
9 0.791189747702671 0.5649064249129239 0.2313487458318331 0.15065661725791735
3 0.3955876893230995 0.5634333545314836 0.15678463059358722 0.08467373613632348
48 0.806380057851295 0.8193216687355867 0.20411466405332573 0.24666339441291887
19 0.51642274863809 0.8357551514970661 0.22423515659520904 0.15247179068421973
50 0.4366061865454435 0.11992393751295104 0.1872959212632869 0.12789381166188415
8 0.6558683749045232 0.14423295125768112 0.09389283369392952 0.06995652121555745
27 0.8810912040357611 0.16684948131920144 0.16831411523824585 0.07363562657966603
5 0.44610726136214496 0.353097014436028 0.19853155823320195 0.10964416364368823
53 0.6151825281651988 0.3887382757351046 0.15997207054674908 0.1041007296096074
39 0.8065556126927618 0.40929425288413795 0.1961277120793558 0.10944793940117356
51 0.4489253466501565 0.39266236385323217 0.3126877181629446 0.1477128568880316