8 0.5744293547223519 0.5909429880449729 0.15928642597234782 0.07542826667719255
28 0.41756512699491555 0.6044500364761808 0.11508258742298758 0.11122024079640379
16 0.7853311462988695 0.5765486828126751 0.14275335057016802 0.08254190896402737
51 0.8369933878893511 0.8712505919277731 0.215207467329311 0.15025517113834888
0 0.6049467270527902 0.8975382614189685 0.1923974612457225 0.12128315078186183
39 0.4447705777693279 0.9182358705599926 0.16526950897901352 0.10430239085897597
48 0.42841106569131837 0.19235125052143556 0.2634354043870481 0.09526039812399799
53 0.6825331134246095 0.17700675523288087 0.1787130936529459 0.08034784032740322
3 0.806037342672943 0.17051545291380446 0.1779294998536302 0.06111707109663399
50 0.5286930412391946 0.4416737712375674 0.1451571967240143 0.08255589413184229
22 0.7277715004963101 0.43201723247388774 0.21948052904341608 0.07818174202640862