9 0.5119791964305016 0.6367121374621033 0.28449510813611123 0.1476066161151594
9 0.7626765633058755 0.7173736469934595 0.18711035889615382 0.09192420955376363
19 0.5625 0.921875 0.22596153846153846 0.15144230769230768
31 0.6105769230769231 0.9675480769230769 0.18269230769230768 0.06009615384615385
39 0.5896926098908117 0.24327287136786704 0.21869605973782066 0.10725656860929433
16 0.4232967038818375 0.2095655553520573 0.13389004266987187 0.07596234748345765
47 0.8549249539698182 0.319546357268048 0.19398619651602572 0.07771096696894539
28 0.7584603672272967 0.4851227140296276 0.14361933744391045 0.184345258744793
53 0.4040609099558222 0.4675943206037116 0.17783067512243605 0.10606750735916257
8 0.825179578123023 0.5640392171661606 0.15826420505 0.09108487220072967
22 0.596479497605021 0.520099875346982 0.2208761053305556 0.09771112877332928