22 0.34936919142947614 0.6052447390099361 0.2206801273718702 0.11566838584220097
9 0.7449846172531088 0.6937474850924151 0.24488642607310304 0.1258432718603634
2 0.5408653846153846 0.9375 0.2548076923076923 0.1201923076923077
19 0.29580379057823486 0.9091624221115922 0.25766092407480473 0.16939225333098307
10 0.7019230769230769 0.9711538461538461 0.16346153846153846 0.052884615384615384
23 0.8707405082401287 0.25815079480090886 0.09833572926987344 0.1272380056111112
50 0.4091661707031517 0.17652288139925248 0.18213467032894598 0.10996549129006429
11 0.772308693804515 0.2630683775110584 0.10475004120824795 0.08173277910886757
8 0.6035988904830094 0.2339114830762291 0.11908919954993923 0.07726078764284197
9 0.7899775324641088 0.5181837955902785 0.24041440809095332 0.144962140810577
16 0.39592068368828826 0.45014171688563065 0.1866486476017886 0.0932504684936967