6 0.6698241631371301 0.4319078715080477 0.13752271385202766 0.0456609103387221
5 0.6289456349458707 0.5348056206336338 0.1667324943690904 0.07741442182703596
11 0.8309666113572691 0.5396945017538974 0.08461012718503451 0.042333959789633724
9 0.7015085600792971 0.5720083803743873 0.2680576595015378 0.11042671203613488
31 0.45644212315768856 0.5871055357173637 0.24882689027076857 0.11009103771059231
28 0.8244000965210438 0.8018815696858995 0.11004715284237676 0.16294586038886977
39 0.44864571396216246 0.846909737140866 0.1477814379620974 0.10111720903995493
28 0.8799682708832813 0.8249549675384261 0.12237406771776121 0.1895979645346415
1 0.8519752411496447 0.8987757867190477 0.21313282463398517 0.14071164835019964
22 0.5864761119203439 0.9142295960329132 0.18680240207118784 0.1498654807679634
27 0.4112191129485955 0.9365233934842591 0.16466430360377557 0.10621861638249705
48 0.35114419386230694 0.11288530781957774 0.19460133746265618 0.2004721278708111
33 0.7010296800176216 0.11759753871607857 0.12080767590461505 0.054982579919256924
23 0.8741205887357334 0.11577839286311782 0.07834961232433485 0.12393885114832442
51 0.6953417343803486 0.14534666771204144 0.2822289948832163 0.08904385239567657
53 0.504473721049789 0.16911512362981376 0.16178494564951015 0.06531127247641969
19 0.8433198133844032 0.36155813062512515 0.1749789702786004 0.16648260739142232
50 0.6080925313372003 0.39571821803609947 0.1452097641139855 0.08665217282618524
0 0.4351694503133541 0.4119604408121372 0.18350347488125826 0.07290044455419362
8 0.44974636928950784 0.424929838914134 0.1498496287274121 0.07231301448449397
6 0.7982201477500672 0.4116342033021351 0.1354824943690904 0.07686895104802935