0 0.35507479817098403 0.6515443942863839 0.20173565174641686 0.08965730264713792
10 0.7300866524414291 0.6916929939445473 0.14518711735403728 0.06512514177331606
8 0.3451353450097509 0.9463934888485213 0.15790638859766715 0.07777427373585237
50 0.5600961538461539 0.9507211538461539 0.15384615384615385 0.09375
9 0.7487980769230769 0.9699519230769231 0.24278846153846154 0.055288461538461536
53 0.353553931367275 0.2222739962764958 0.19692795943872468 0.0894053421698156
16 0.5863769880531524 0.24050369481124342 0.18364865581557602 0.0671408255918944
48 0.35842201660242295 0.4491803865279929 0.23279822656975704 0.1703700083493338
33 0.7518827413113536 0.48306229951457647 0.22080270434141624 0.12900070277930453
23 0.4955931097369785 0.47445309640485556 0.08434350595170469 0.13143521379100312
51 0.5920388263510292 0.49518029607063246 0.1641141618541571 0.10206469575163638