1 0.4622177248249389 0.6379923041921768 0.18423383693776949 0.12664221194188732
9 0.7946047801093226 0.6475954350653749 0.2202915292454618 0.1293745004841111
53 0.5968750815190395 0.649394771160068 0.16930709507010006 0.11112621960192115
33 0.8279610431227458 0.9162438838371139 0.16327077481261107 0.14423360804732255
39 0.5462646174627113 0.916475572307644 0.16167583582140127 0.09856053112424562
5 0.43149038461538464 0.9362980769230769 0.19471153846153846 0.12259615384615384
48 0.3623168750489334 0.21445858028327316 0.2643162574315815 0.15428786211939474
27 0.7999427912850815 0.2512161171596891 0.14342186206813287 0.05642007852248991
47 0.5652472818611953 0.2586055499658793 0.1455738757496826 0.04939069263043297
23 0.37307316486727216 0.45382342516044705 0.07597681585726061 0.11604150016137037
50 0.6088179762590594 0.4764820692773337 0.14742064721318854 0.10227530801504842
0 0.7448031722662313 0.49158138176073507 0.16888737428293973 0.0991069888326901
8 0.4295368446097829 0.49166678041236944 0.13945361133476128 0.08009423492198828