9 0.7678940421338424 0.546068104167184 0.21749297642363585 0.11621787413401262
53 0.5708485857244018 0.5681681074380023 0.16701220719286647 0.11209716504120457
3 0.3763608175218842 0.6032930403124598 0.12790732923664302 0.0536691156225082
48 0.8093065508862184 0.7965342855177185 0.17095447387748117 0.24450492774525784
31 0.6821124893502043 0.8249630165248422 0.15982864001370564 0.11391233846750683
8 0.5805585015668518 0.1619426850598373 0.0871538297507689 0.05994868811514346
27 0.8114256318244043 0.15151861931689053 0.1327429928267131 0.056465410261383776
23 0.7511773200558017 0.3501300650068873 0.06579892718992944 0.08222113147097304
5 0.39688972518727 0.4031116023162627 0.19560661949762187 0.0928172405667653
19 0.7912603508299273 0.3829500573130876 0.19823423591048886 0.11224423404004906
6 0.6255488082676195 0.4097106838927536 0.1954667630857338 0.08079800979753451
51 0.39848324621747955 0.43666733634885146 0.26545801437104843 0.11052697436892125