19 0.7051478655804923 0.45831243193819304 0.3807027733437759 0.0835526448525443
33 0.7014013978725211 0.5736550880321155 0.16463633232139793 0.1038147702286509
2 0.3498664481222416 0.6168078777448085 0.16664858052195755 0.0702028833654975
47 0.5624669763257382 0.6325405057403548 0.17618005129020944 0.0631591820667306
53 0.3849294757749008 0.9095465340882014 0.1792272369387406 0.1184896028958849
9 0.7575815721858099 0.9112425318378978 0.22277618053174728 0.14328333166681737
5 0.7385385107476933 0.17157730768723803 0.22691256206237698 0.0856749425558953
1 0.5639659661288823 0.19377564372739242 0.224368859496643 0.07361375249597171
3 0.3186477876658753 0.2003131037690314 0.16413284923860105 0.06054553945942013
48 0.7046592102041982 0.3969933753697697 0.30685485335160767 0.13994421453337416
50 0.4782081743010516 0.43511650973695126 0.1789195528325869 0.0920472952035772
31 0.331447688145737 0.4433743006969963 0.16231640001468464 0.11098434939949661