10 0.3960571883021906 0.5117433766473235 0.14311377630331196 0.0627212956194699
9 0.6372820607300219 0.6120187950094932 0.21975911240309834 0.15797283686411953
22 0.8135451269856309 0.6032494963972421 0.21618031330341891 0.10736608739468914
9 0.44603742108760736 0.6476134528396776 0.19694954407264967 0.10635824548539984
39 0.6708020611674688 0.9174911160963044 0.15150026771068398 0.11358000556622236
47 0.8278063831221696 0.9065120524978411 0.1609478019052353 0.10687238805932854
2 0.49278846153846156 0.9314903846153846 0.22115384615384615 0.13221153846153846
1 0.5571368260457267 0.21166776258437373 0.1733027335161325 0.12192536617571136
50 0.38730300122681643 0.23878085794712392 0.16077995148440175 0.09966084959779022
16 0.5776304931889427 0.4732409517086484 0.1726872819730769 0.09548305848340373
6 0.7837178358065174 0.45643102146427705 0.1799547705748933 0.09826484535323324