3 0.6156346923735097 0.44801540335101525 0.1620126741741165 0.07488469780111141
9 0.7677684710850046 0.5594497621183272 0.2294916218101701 0.13130606018827948
31 0.360619469685585 0.6374123844931842 0.16447581472231468 0.12776931318572693
6 0.5626281742728424 0.606264552951102 0.24575874021704783 0.1195805444538984
1 0.8318720210640497 0.8333474494315412 0.19947319208426906 0.15720289710158014
11 0.6798665947743494 0.8996508485314199 0.11002374626157327 0.09319236263663828
50 0.31273699942845606 0.2215199369402758 0.1808548940632018 0.118447643605192
8 0.5520612998673335 0.18851981331553172 0.11371182922917537 0.06923781967956252
47 0.7523642571746273 0.16821026911110368 0.12723921868018012 0.0502588061929503
53 0.5492226875378894 0.42995949425964525 0.18029508939315683 0.10642841283596137
5 0.3651308681704691 0.4631964772753773 0.17867496977737354 0.12321337662219142
27 0.7350465874551019 0.41110362887629737 0.2124934434048857 0.075765842905661