5 0.6394230769230769 0.5092397242102087 0.1778846153846154 0.12646005937240587
1 0.45072115384615385 0.5620002393760508 0.19471153846153846 0.1133120504356999
31 0.6850961538461539 0.5165961330823664 0.2091346153846154 0.1264241966218202
28 0.8052884615384616 0.7238346584544414 0.10336538461538461 0.17369794510309225
28 0.7127403846153846 0.7452706093025591 0.125 0.18735654899765727
19 0.44350961538461536 0.8413928509306494 0.22596153846153846 0.16375695691588332
47 0.6129807692307693 0.8201376332437368 0.12259615384615384 0.08621285796663723
0 0.7980769230769231 0.7976984238551938 0.2091346153846154 0.1312318889295122
48 0.3401442307692308 0.1665331037260494 0.2620192307692308 0.17370078391964555
33 0.7560096153846154 0.09535724766727534 0.14182692307692307 0.12372777083018219
53 0.6225961538461539 0.1391205614273489 0.17067307692307693 0.09947129397165341
6 0.4375 0.1868001554312764 0.22596153846153846 0.09644926460819114
9 0.40625 0.42594698498838296 0.28365384615384615 0.13687861858344136
8 0.71875 0.3698152278788551 0.15865384615384615 0.08894514650886087