1 0.42472667780119333 0.5558867046555404 0.1711565546391532 0.11255997601947652
9 0.7572184392735716 0.5410192444291553 0.2194854381933986 0.12072953428599138
53 0.5620659699767191 0.5630482631008484 0.1659709216154774 0.10501225096205584
11 0.32573316546782904 0.5939444832221562 0.09525154124464977 0.08090677609099377
39 0.40492733709282336 0.842280583559115 0.24859377413615896 0.08204936254384165
33 0.747664384373892 0.8147215193717344 0.1468559110040853 0.15157633435750847
50 0.35117108165686406 0.9083105428158788 0.20113653063325737 0.13621171097938528
8 0.5528625117424215 0.14456039905100615 0.08715814111248303 0.06357557312024728
27 0.8216523501378767 0.13414741122006105 0.14169072121897786 0.05301864204981635
47 0.36764548846724865 0.18265992095888725 0.14877627944185504 0.05111907578979364
23 0.7616021935785017 0.34312216998170036 0.07665067320718623 0.09158126047669549
48 0.4170384328368462 0.40553700339985 0.26971424694684554 0.11945180123506287
19 0.7912144504759067 0.3721869571084657 0.21417382493106166 0.11077796307472454
51 0.6156758019354489 0.4084121827476592 0.11385240928211332 0.07023229170529205