10 0.5152069816100923 0.4152047643170815 0.20919390977896754 0.069759900240877
9 0.6015314630625785 0.558969748929482 0.17380798307532921 0.0812396135262339
8 0.7934209588314108 0.5601968447264889 0.16167679137208943 0.07785464615981438
19 0.6729653184408186 0.8233930242186419 0.16710358274417886 0.1429547165561752
6 0.516323455171787 0.8277341384436337 0.16106432016238761 0.11611996037883816
50 0.38503393745214914 0.8324187442760681 0.14446131895348244 0.11955408298892788
39 0.7862948698851007 0.14815803120622323 0.20595367054740138 0.1030212979096938
16 0.48852418241302864 0.1531609559260157 0.13741440796560986 0.07108471142697538
28 0.39190941496270837 0.38424870394868765 0.1387579391737181 0.09993086527312929
11 0.71198648342345 0.3919028379693401 0.08005798307532921 0.07358686806816167
31 0.8183714993297302 0.3964901251448485 0.1455216338992205 0.09090415338528857