0 0.3226078815483436 0.5624935502942571 0.2067327791088676 0.11288206400615053
10 0.6885220133874994 0.6601524193514821 0.1483131195929488 0.07894500158993431
8 0.2773763761131937 0.8515675599654975 0.16066805120384628 0.09392788318305634
50 0.48933345876468937 0.8951299487791412 0.15401601414508548 0.11763046191949081
9 0.6682692307692307 0.9435096153846154 0.25 0.10817307692307693
53 0.3745224139295405 0.14137594356249172 0.1994652905070513 0.11014233505027739
16 0.6019366461602028 0.19287761690873242 0.18688655833504286 0.0855440688417708
48 0.3512622296597219 0.3652958519420395 0.24223297989188056 0.1937764401591999
33 0.7353450830034185 0.4577848126197166 0.22685875058408117 0.15223928993976116
23 0.48378048895373904 0.4099712222410781 0.09447936170170944 0.13886990010772698
51 0.5768311122002667 0.44438577559050646 0.17084293722200855 0.11841418845755396