1 0.47166945668493643 0.6098891964681082 0.18275026771068384 0.11837622811481552
9 0.8326660058139429 0.6027040479307847 0.22339185176495738 0.11161842956443024
53 0.6187236981216352 0.6176643514475455 0.17520302840747867 0.10344887129791512
33 0.8295128624006417 0.8810206518917801 0.16625904547542747 0.13162265195230452
39 0.5449648189414004 0.9141608615439579 0.15563655833504286 0.08768104799130928
5 0.4189587213554496 0.9313992212243287 0.18448271218119672 0.08969816756660293
48 0.402536350244872 0.1741036361138198 0.28192341156143175 0.15171036102270963
27 0.8626221180142095 0.1828632008224484 0.1452938218960469 0.055758674799544834
47 0.6163677625956734 0.2061023792460297 0.14043017944807717 0.053018642049816316
23 0.39057809431116486 0.43618164354068595 0.06993734890074804 0.11768738157312096
0 0.7830764190714213 0.43762858982243547 0.19409809679658133 0.09037054075836738
8 0.43463062704428457 0.46680981033159175 0.13366624210876063 0.07174513138676221