5 0.6821592686050466 0.49683587683007424 0.20274820182415 0.14417651079664204
1 0.48466628445866244 0.5640333681388842 0.21710135290815286 0.132325107721677
31 0.7338139905771093 0.5010421865666479 0.23402617215977956 0.14934782977524327
28 0.8912021790437163 0.7167441588528027 0.13330238155109259 0.18903842053076841
28 0.7924766647222465 0.7467371352764386 0.15503489311041163 0.2061170851490902
19 0.5093464610063058 0.8666102994173459 0.25828839638327783 0.18808908106055794
47 0.693422498957129 0.8332204963154588 0.13998248363566893 0.09777618053174728
0 0.8835221374603821 0.7973569188537818 0.21964505074014687 0.156391540542516
48 0.31282785008849834 0.14659013226510684 0.2968198606838902 0.20055585234783033
33 0.7580568397591841 0.057368111749023086 0.1665786281739394 0.11473622349804617
53 0.6159711910776875 0.09859459683937447 0.19056114904114152 0.1151905005386002
6 0.4221119464977022 0.16094243891692572 0.24826744190126412 0.11826565746950898
9 0.41699577914293484 0.4205997804558767 0.3134230210757766 0.16229011286293507
8 0.7503690042367933 0.34100460400042426 0.1760821314468057 0.1054072882289499