1 0.49442441463866554 0.6315188659566631 0.20695206485023915 0.15344759495194374
9 0.8522927625843736 0.6008373878809359 0.2476914692269623 0.15342388641105378
53 0.6429589552224825 0.6305839832238239 0.19885866471807254 0.13620064759038158
33 0.90625 0.8834134615384616 0.18269230769230768 0.1658653846153846
39 0.6360589169515803 0.9333404447840046 0.17393834150898285 0.11797364356466088
5 0.515625 0.9459134615384616 0.21394230769230768 0.10336538461538461
48 0.32795813328420215 0.1988395341100308 0.31258509376152444 0.2027371738010046
27 0.7893808362032868 0.17778417334490287 0.1552217148521426 0.08093589459281002
47 0.5493639399153707 0.21652797114666172 0.150288042305789 0.07825203224920432
23 0.37534382545211437 0.4628188782075783 0.09561926034134895 0.1325841456643976
0 0.767117980028991 0.43890520576786024 0.2102479942939975 0.1248814572955495
8 0.4247435410349796 0.49085942472055827 0.14636221166872468 0.09479893913636786