31 0.521343330925953 0.563683727109164 0.18109960127171967 0.14152092310139744
53 0.6871038267827265 0.543724862471263 0.18582338257252326 0.12715378874307576
11 0.8407891511990102 0.5142904696298654 0.10389682099234676 0.09254891898839095
5 0.8289944844699656 0.75963661937525 0.19317477271220987 0.15127616412867
1 0.7068878114973297 0.8451977701611232 0.2148233732646399 0.1539317518239149
2 0.5149227558010999 0.9063297035205626 0.2244527430478393 0.15644748310727125
6 0.8966346153846154 0.8173076923076923 0.20192307692307693 0.18269230769230768
28 0.4705532852929593 0.10112768202517602 0.17187580135514935 0.20225536405035205
33 0.6447482204399168 0.0814460040151089 0.21967302107577644 0.16119923285020843
51 0.5444168158851935 0.3975386296700034 0.2532149858871043 0.14236006157272577
39 0.7820899114240372 0.3418848573300049 0.18819925839073987 0.12237406771776108