33 0.34150892914853526 0.5915665931566357 0.15026919796307625 0.11184208271392666
9 0.7452851547887451 0.5811207387556239 0.2200087077069925 0.11708645639029178
3 0.5261994994002138 0.6188802720689925 0.1329387918033563 0.06788720737029462
51 0.6277598942369287 0.8730329423236755 0.15530066052978952 0.13126875039452474
39 0.7599574470572783 0.8688476580303038 0.17204366975957988 0.12474285650738728
27 0.48941286962007563 0.889482330448564 0.15980066873132814 0.10502234115204591
6 0.3510658450032225 0.9059317185734523 0.20108562258237678 0.14274517028328404
50 0.6312037302306306 0.164094225388889 0.17905940924447486 0.10820978110520763
8 0.35695548407433697 0.19328928318298227 0.12080767590461505 0.057782076630337804
19 0.4214240912207021 0.4345370895007623 0.2657097559124469 0.12135133781751233
53 0.5607632542966462 0.4360675729172628 0.19079892718992972 0.08466106569131836
11 0.7795691968614015 0.42234650114235567 0.08500172513832119 0.07794745364123656