3 0.6908561195008776 0.6386894287320695 0.1769913036957111 0.09573501896072592
5 0.3487756780675991 0.614511314929646 0.2090804895095678 0.14544968514024412
0 0.7607950805378633 0.9237495007497566 0.11419758866086127 0.07563260967861286
33 0.6245791595839736 0.9080308457725734 0.17989866133787139 0.12470715304554093
1 0.47438073425928196 0.9183084568427419 0.23510320429494713 0.12279700622705511
27 0.30718754869489573 0.9198525449681539 0.17964690559371432 0.110284076122464
48 0.7929092232749786 0.2134861740268329 0.29793887862048973 0.14530326166301458
53 0.4230586732003908 0.1835452945074743 0.24741615009902773 0.14025383049728413
19 0.589553447176168 0.21091035034754682 0.18905249375563463 0.09876876630787788
39 0.7386305144819592 0.4809957667971082 0.1578864123370204 0.10193871551297508
8 0.647221421699766 0.4821772466354629 0.19651578796133015 0.1135697839469383
22 0.3943560233482988 0.4689628640025767 0.2178986476017886 0.10028052917181185