9 0.8136610216425014 0.5244826440262387 0.23076105048234652 0.13623354033484056
2 0.5020915392791887 0.5728283340146842 0.301113349049271 0.0988510368410498
9 0.805227109386829 0.8206217039337672 0.25710540894973977 0.1359881608486557
22 0.45394519087259755 0.8710031708467818 0.2016210489614491 0.12666731096312597
10 0.5898114731773625 0.861118424221626 0.11660489055260388 0.09816484709049707
23 0.3677272164956778 0.14604713285356877 0.06911566282516737 0.10866343916328071
33 0.7602663165249517 0.1019452384331895 0.21055078900243274 0.11062528485626161
8 0.5138455533777713 0.15100248925835433 0.09850462755179297 0.06554127739289448
16 0.7911469618598014 0.11992512770944842 0.17552565369978404 0.07422429930721006
48 0.38583765130066977 0.38334111723553665 0.1986743919271315 0.17194793940117356
19 0.8160016312362672 0.3747573976389758 0.2530364259723481 0.09492655199075656