47 0.5874775124340939 0.6470856973336756 0.12660872992664862 0.06329882551040729
28 0.6535889173103256 0.8576676030894187 0.10324399252879929 0.16737355620864955
23 0.304983390786132 0.8749174500525321 0.06090976754560513 0.11427401414089808
2 0.6081730769230769 0.9519230769230769 0.2980769230769231 0.09134615384615384
39 0.3473557692307692 0.9447115384615384 0.18990384615384615 0.10576923076923077
5 0.4693409175344013 0.17403856593406714 0.21646031975141009 0.10024850756736853
0 0.611517564508422 0.1951464789022363 0.3099305406337318 0.09664089593094322
53 0.788375118764663 0.2124784356702749 0.11706329009068356 0.06508648982025757
50 0.3618950346139002 0.4394809222676557 0.1516963631564028 0.1008969724280891
27 0.7035209675777321 0.47097076234489205 0.2226226865216559 0.06465295164267323
6 0.5305489616699384 0.4634852583837365 0.22325218953643144 0.08628756702728861