1 0.44238919924913284 0.603174982139586 0.18102967543264575 0.12845273373995594
53 0.5831260805916512 0.5831260805916512 0.17384610730673686 0.13321847054420388
9 0.7684949452101935 0.5351742226699119 0.22195100071928936 0.13830586620819205
11 0.3796234810606517 0.6492116734258476 0.09667129736299365 0.08950171440489968
48 0.8693158306384347 0.7653490838070138 0.21067298384424296 0.26563978652296427
50 0.606772156076149 0.8570176978680574 0.15703316939762857 0.1355244205233464
2 0.4633727029752107 0.9215517384299609 0.17629190896402738 0.140443994173557
6 0.5024310151343263 0.19899318426587703 0.09414158469881428 0.06785311385246938
27 0.728658271784346 0.15200550156820924 0.13741081546804507 0.0681048468731357
23 0.7190630635655341 0.35517944965556103 0.08474996276846652 0.1062587116427487
5 0.3747956123563866 0.44612163634538465 0.18812933255166578 0.10926392001263106
19 0.7597885965027706 0.3789801633411711 0.188255199061999 0.13089853539724644
51 0.38420821203845673 0.48092146490489474 0.2748915567751642 0.1482289245155021
6 0.6056697318842283 0.4267502140813181 0.20737408695024995 0.11177964750899551