50 0.34311468759676944 0.5614719569782054 0.18175058153527382 0.13869974485566253
9 0.7585685035279892 0.6912037635878746 0.23061123115025978 0.1566456707381412
6 0.5421070748204788 0.6321376626416136 0.2611894655462059 0.14294994563867539
1 0.7235576923076923 0.9387019230769231 0.22596153846153846 0.11778846153846154
11 0.5576923076923077 0.9567307692307693 0.11538461538461539 0.08173076923076923
23 0.7467433692806481 0.2310910256874472 0.11466681109559956 0.14194083323557705
5 0.46493025068325555 0.16089888633830166 0.2330150773041062 0.15670162087841902
8 0.673705963923363 0.23539416179359027 0.13143443977817063 0.08950381897318384
3 0.8423703718889729 0.2993508753189109 0.14473790736115733 0.06580105827638902
53 0.5846386177366083 0.46263953866437013 0.18337070115105683 0.12192877191901726
2 0.3920213758967173 0.42573957943536356 0.22652797098627872 0.1205320282901711
51 0.7462034481746886 0.5288322479227036 0.292887309282242 0.15329268207767108