10 0.6613967159574797 0.4499438523967791 0.12578319590657308 0.06876219899132799
50 0.587311882130416 0.5896877570018846 0.17190381334769164 0.10775519181804082
39 0.5625609949566395 0.6314613662292273 0.2346835261714677 0.1325209066983202
9 0.7782777949492972 0.5798922431816735 0.24164332309160758 0.11097020516083753
19 0.8762019230769231 0.8257211538461539 0.24278846153846154 0.18028846153846154
47 0.5660574052538403 0.9319421354599965 0.15507689027076857 0.10755939284139761
5 0.5405034420751038 0.18174633648335328 0.22031639181314602 0.13716077131174692
16 0.3957140892620965 0.23534253543796957 0.13553843693384565 0.0808933148900691
28 0.3686449539122347 0.4910025097928648 0.1503251405278315 0.11231114258433468
31 0.7833495303089486 0.3960819262595756 0.181603111810209 0.11507861540908976
8 0.5209535292929341 0.46393253237768906 0.09936885949664287 0.07085836103902046