1 0.43230684895684274 0.6172584822145447 0.19144537539930795 0.12171372208347228
9 0.7845542546527363 0.6312569128930188 0.22982296970341445 0.12110125087377017
53 0.5750838626383926 0.6311316962496195 0.1765186335316385 0.10661887955634122
33 0.7915177392313892 0.914492562508005 0.16816241127773532 0.14222872812799744
39 0.49057527713474364 0.9137185996030325 0.16888737428293973 0.09426376598508313
5 0.36778846153846156 0.9350961538461539 0.20192307692307693 0.125
48 0.3733172873125478 0.169076154798727 0.2763354882008123 0.1472669701584029
27 0.8352602024323276 0.21346517305700013 0.15295330252608524 0.050322769611798504
47 0.584672593330303 0.21864815899698603 0.15029762389994297 0.04299927021625102
23 0.3584095912401313 0.4236039447713968 0.07606076001469256 0.11633959725103957
50 0.6067459752973318 0.4484130552874833 0.1523122836783128 0.10069157790855872
0 0.7494390448214495 0.4646901154764041 0.1736111224332001 0.09208384169925515
8 0.4135988414153186 0.4634946421052239 0.1442613036424536 0.07631723356807012