0 0.3874569648990703 0.6376310925560296 0.1900180120591024 0.10184395245460574
50 0.565726276570493 0.6389305326559612 0.14187114420275976 0.09551562145046634
9 0.7542883100885771 0.6591418280010551 0.20691487991544477 0.1056213683060545
5 0.7494178991827943 0.9093380522435697 0.1718364145196258 0.1363318508221809
19 0.4050480769230769 0.9314903846153846 0.19471153846153846 0.13221153846153846
16 0.32264719664235997 0.25645002891681745 0.12667867470606817 0.06789596830307051
53 0.4731673603754226 0.25909865945859967 0.2183046076699 0.08496787413401262
48 0.36997120206312434 0.4518727314829094 0.20194157439533073 0.1819557725015875
23 0.516710734616869 0.4602366410455351 0.0776667458431087 0.11425602844103175
33 0.7368025472526311 0.47338346692793504 0.19340108512482163 0.1356940228509667
51 0.5749754623713241 0.48667875037175984 0.24558625271524193 0.11597249464782777