50 0.40466323539506033 0.5628037998624619 0.15002586020918246 0.12066252095339099
9 0.7995341274384195 0.5014145595483291 0.22808275928020988 0.14767612187212256
6 0.5855815981268276 0.5622160332861078 0.26363653063325754 0.1405821367258549
1 0.8900579593272593 0.7785715437401066 0.2082118672368505 0.17981712834449853
11 0.7469507906251563 0.8561329272222078 0.11093442055433819 0.10595379741710186
8 0.5368407881914952 0.138584290332691 0.10208513899020474 0.07419951752327868
39 0.34617083898639794 0.18328175416798148 0.2188555370000928 0.10871030351676061
27 0.7674891495317069 0.09712290246598729 0.14016873673575958 0.06967747182879827
5 0.38875906046590203 0.3974426951409006 0.20190263368450856 0.10512980427732653
23 0.7578226568199015 0.32700112676284204 0.09624916153465463 0.1456425289468988
53 0.567908589046771 0.38612166752120947 0.15432963156223012 0.1113833229338886
51 0.4065257245231417 0.4372154733196679 0.3090576470790121 0.13896821707904403