6 0.6406811586159568 0.4435120194500637 0.1180716778008316 0.05836359574741797
5 0.6360480355639732 0.5504272326249583 0.20304931411786215 0.12855062991465943
11 0.8141829060864351 0.5310364353194683 0.09733274988828838 0.07746849846785399
9 0.48975261690873234 0.6084543829896718 0.30261465483163563 0.15075863717968147
3 0.7450048390251133 0.5678834882535473 0.15742890373444196 0.07781812766322378
28 0.8649305000917887 0.7692479598191817 0.1424526499960155 0.16905240016685935
28 0.9210586686353179 0.7875984648327682 0.1386526060944041 0.19065904521584515
51 0.47758532830257366 0.9147909307590936 0.20942445950168073 0.16223244640413517
39 0.6503263685774697 0.9085863243802204 0.18940996373284838 0.1452936419846938
1 0.8873258226719862 0.8631028485777926 0.20920053763366242 0.15742475409644285
48 0.2927490150784045 0.17112839623220724 0.23900167334624067 0.22969397555779025
33 0.6258759820569388 0.15143771917384855 0.14468524082150033 0.11379190896402744
19 0.7929005649916323 0.3578825938195639 0.20025691862233194 0.17179189034826065
50 0.575467762929912 0.41068948942604844 0.13942970477777208 0.10414855401301318
23 0.3493415969947077 0.4574378215605659 0.09269631290895711 0.13271500450287105
53 0.4559768680388345 0.4508486230667859 0.1731955118656274 0.10674819251626662
6 0.7590820913641203 0.405749739379265 0.15351689889882209 0.09702092655836357