9 0.7168656209102025 0.6356537617837609 0.22590759819935913 0.1126777006570261
8 0.34038394713189046 0.6279570852025207 0.12913830050245736 0.08119618341827216
39 0.5265701237744119 0.6425282460064525 0.175147078267201 0.09801288487591091
28 0.5679060598869117 0.8829656298911144 0.11963682604572658 0.18873935914804327
0 0.7099557785858968 0.9325287617837609 0.19946529050705145 0.11129191803175331
1 0.5108173076923077 0.9567307692307693 0.24759615384615385 0.08173076923076923
28 0.7440153448683761 0.19302600806977357 0.10482209814070514 0.1711565546391532
6 0.49040857069855753 0.23148077531804445 0.23462778057029923 0.07472008315013216
51 0.791108115795192 0.49634133267041886 0.1341697933712605 0.0910635285109791
50 0.3321413508314099 0.4650675686245994 0.1535124628825855 0.09687906272796057
51 0.6793292696413459 0.490483251572675 0.08547741875128222 0.06210161604544814