10 0.34842217051373425 0.48661482347729085 0.14801098779252292 0.06910053291901673
9 0.5927399884006586 0.5562986157304486 0.23520207272360322 0.16522865541928
22 0.7757704620597206 0.524575477191968 0.22759421851831535 0.11701184278351794
9 0.39580017469148887 0.6208234012429498 0.20581959503882039 0.1139784936148964
39 0.6178081668355195 0.8675396097008974 0.16297038855422896 0.11993102604688352
47 0.781817883406132 0.8327702601670036 0.16976190273112807 0.11292932192360347
2 0.43520957173154184 0.9124489296958221 0.23662586221329093 0.1484716771217765
1 0.5236432673699427 0.15634725896886892 0.1874288743773297 0.12784201230261708
50 0.3478361864428642 0.20825828308707361 0.17174572460033488 0.10578772824148458
16 0.5381504457613654 0.4222998723030481 0.1810810930259599 0.10125981505147025
6 0.749595194711497 0.37655121495508925 0.19083648573622425 0.10394344032299466