5 0.6156754204155455 0.527846369679702 0.17509112812692307 0.10168073022564063
50 0.38085281929332315 0.5291207559628213 0.16077995148440175 0.10522656680940137
31 0.6252638348998403 0.5775910564048445 0.23172239303205144 0.16421015152635285
3 0.39782062265998985 0.5854460532875364 0.1727432321133547 0.10387426709216477
28 0.6188396181583875 0.8190272182260696 0.12690431464754298 0.19582192749957217
28 0.7094314500498405 0.8303713891822663 0.1295319613625001 0.20564762140227907
19 0.324032763470567 0.8303670289999295 0.21992696282393176 0.17277398970512792
47 0.4907094251199794 0.8507114574054851 0.12908235036217958 0.08326177684344699
9 0.7074202598169881 0.8991964684978645 0.24217501987350415 0.0979540056552701
39 0.47030571282147515 0.905488856375998 0.19236565232606845 0.12238366446766345
1 0.2775504193915606 0.9030828301309833 0.21880796001837616 0.12469706662820484
48 0.41768476911346164 0.10272083614864698 0.30987637304123944 0.20544167229729396
33 0.860106371579808 0.16321581758782217 0.163911149461859 0.1366868760967233
53 0.7072103651793271 0.16575314964045715 0.17771877484188045 0.11150642412834727
6 0.511659574613622 0.14673050960584144 0.23546703267446595 0.11895769317791977
0 0.40287607084273536 0.3886913545997871 0.20449678337585483 0.12824290321196544
8 0.7375152424289001 0.4328808259980071 0.1727991822536328 0.10627811324601105