33 0.32069210291887307 0.572498058347394 0.17147023148852028 0.14198531010801602
11 0.4916378906143385 0.6144069790086089 0.09179367921622728 0.07958097854101832
19 0.690164975823868 0.6446942270141915 0.27972721941848605 0.1595559021049706
31 0.4908003832557496 0.8837076930187975 0.219505199061999 0.13617266723486773
0 0.64968498467854 0.9187547991155716 0.20262233531381676 0.12606766916354645
39 0.30567625907396617 0.8842857487264074 0.17142827598507593 0.13477377164647755
1 0.4634778113462591 0.9398005195205834 0.2529212973629936 0.09628650953135594
6 0.4026170617887506 0.19024229876001883 0.24101394793628117 0.11516755486502789
3 0.6011511395821876 0.2217314698425247 0.15183389239112197 0.07171421341112137
50 0.33671487884644535 0.4337872910453036 0.16170101002717302 0.1152632232980302
53 0.5484771030699437 0.4660936889179252 0.2434877199292014 0.12725673041367822
27 0.7410365283983023 0.5037673373335952 0.20484437428607058 0.09488761394296602