0 0.6191413142956201 0.5886186661192313 0.20997587736688045 0.14423478898696593
9 0.8108335550602569 0.5666523696491459 0.235914633796688 0.12321562514540628
22 0.443689525074039 0.6373909461934298 0.21170832183739316 0.11544458528109001
2 0.7350345056379815 0.8712124744249472 0.23898988163386756 0.1521177291318378
19 0.5132211538461539 0.9158653846153846 0.24759615384615385 0.16346153846153846
10 0.886029212208067 0.8555065640316781 0.1491523716971155 0.11158603548002141
39 0.7006402434528847 0.16766784837286386 0.2285911950545942 0.11824008241688055
50 0.3311762925232374 0.24195624400763918 0.14395302840747867 0.09464721212254286
8 0.49393845423130356 0.21571277662345126 0.15580440875587614 0.0877154243623933
9 0.7457588436684297 0.4029660256874472 0.21467166939401713 0.13953899695982924
16 0.5307834682590815 0.45682474383167776 0.14607712385993593 0.0826839314935899