0 0.5560629538012036 0.6343266798705186 0.20620422895211335 0.13553597257006608
9 0.7458675885917755 0.683832909404551 0.23669873153522458 0.1159039481784372
22 0.370058681429139 0.6139746951046379 0.2100885355280527 0.1094017557997564
2 0.5588942307692307 0.9302884615384616 0.23798076923076922 0.1346153846153846
19 0.3286934104585726 0.901635565650113 0.24318530699155863 0.16428896217735803
10 0.7067307692307693 0.9603365384615384 0.14903846153846154 0.07451923076923077
39 0.7949938645859993 0.2774127224351896 0.22691545860497578 0.11048007402674902
50 0.4167391391908006 0.20860238575120077 0.14227717827576788 0.09066540596870859
8 0.5793612360780183 0.24311593863759132 0.15404457657270237 0.08422409481216495
9 0.7471878197766254 0.5080440492517837 0.2109279771023733 0.13344021733821793
16 0.5228479251791704 0.48162156787915067 0.1441773594850215 0.07639637450663067