9 0.8341346153846154 0.4671021648768863 0.23557692307692307 0.15657683261956257
2 0.6274038461538461 0.5260133884786689 0.22596153846153846 0.12001521935722573
10 0.4050480769230769 0.5953588682471336 0.14423076923076922 0.08688573739659261
5 0.6658653846153846 0.8028438585062443 0.21875 0.1653103555643189
22 0.49399038461538464 0.8515149071089785 0.2091346153846154 0.1455756653789053
8 0.8737980769230769 0.7787254140159003 0.10817307692307693 0.10422680304744439
23 0.3473557692307692 0.13203624012884746 0.08413461538461539 0.11498623143006359
33 0.7403846153846154 0.061527103556392605 0.21394230769230768 0.12305420711278521
19 0.39903846153846156 0.14735651115147877 0.3076923076923077 0.12670239362555114
16 0.7704326923076923 0.07020025658602234 0.18028846153846154 0.09117928713035597
9 0.6514423076923077 0.36369589378436495 0.20673076923076922 0.09256506975562874