9 0.7591897524545932 0.569636409595036 0.22985805657728192 0.12119382974689535
5 0.4153816026775984 0.5679529477307876 0.17895726306187335 0.11104212129288175
39 0.5777693718866485 0.5814089438353817 0.1815011173105991 0.11358597554160764
28 0.6309436145810076 0.8110699641160193 0.1158498136005742 0.17923727925163283
28 0.5381155214681711 0.811652583461198 0.12532519012107896 0.1773934654773059
0 0.7756407036029659 0.852088332671959 0.18969271243629612 0.13083292290317006
8 0.7584230726584457 0.18376095212573354 0.09895400805144142 0.0536772468721138
6 0.5419369107174121 0.1939578345110665 0.23723331167459022 0.08329232366487596
51 0.7157234853887182 0.4238299885092542 0.06544016999247514 0.05412097969764318
51 0.8293342910464465 0.4280669157422128 0.1277764533567053 0.09608272053117585
50 0.41694652183739633 0.42917176150511466 0.14955107683620042 0.0997466395389399
19 0.6069085177682373 0.43981574144166824 0.2741310525515612 0.09981552201114934