50 0.3716898972721683 0.6114605446677598 0.1390334358192309 0.08813282463398518
51 0.7684084378672004 0.6124700370292958 0.1845386623214744 0.08145274053762136
31 0.5374433816069973 0.6181982554595071 0.1677676893848291 0.08366078771482403
33 0.5824120570813561 0.907261176492164 0.21170832183739316 0.11301042464377477
9 0.7554610050881403 0.9104770319002748 0.21657196428536343 0.11547021336237642
11 0.34000033566233956 0.21675426363657127 0.08804911532596166 0.06591081231944006
19 0.5924041818161857 0.21969124828622005 0.15798445434861122 0.07633736412377523
0 0.772748593494925 0.21938524831069448 0.11454737315854703 0.06862234257943989
28 0.769642355770459 0.4044953877980371 0.10219445142574803 0.157396822577482
8 0.5964245524037923 0.46018774880034585 0.13595818798205117 0.05925869950545371
16 0.3604559783449248 0.4742734862042634 0.12662255406805561 0.07116604514517401