9 0.7544376536262685 0.630166840745852 0.22725123523470414 0.12270941973101711
39 0.561767479815974 0.6395420204410468 0.16863554181064336 0.09189545037115192
47 0.41422474590544783 0.6367530989563914 0.1247787019393881 0.0717897810435603
28 0.7050138454410213 0.8625740252321404 0.10932541979306265 0.17850563741078454
11 0.39353644253604847 0.9025050379917179 0.07712149964962532 0.08016596042315964
23 0.4160104994949847 0.9281828726555136 0.06884922155315411 0.11789888860677177
8 0.7215659588127854 0.23808462018999943 0.09045330252608526 0.05000887584004909
51 0.7072497523306035 0.48034455539530907 0.0738782119214583 0.05594534631521652
51 0.8153808571749644 0.48733949794505693 0.12553419935627702 0.0934243964281757
50 0.4001450537403205 0.47385594957859045 0.15686814351370898 0.09819622598528245
19 0.5985463055900603 0.4912873827146666 0.26462149964962545 0.09437386084272248