8 0.5309054797294336 0.5805775124912654 0.15841828816200484 0.0772465846642648
16 0.7503677893504201 0.5935651604697945 0.14145147552624265 0.07214517732172268
28 0.3724614679138459 0.5761352872154538 0.11365449337138145 0.10769935814110099
48 0.41537533914051666 0.7940251217562507 0.25015838703109294 0.17495292457374573
47 0.735112601255638 0.8701333460341806 0.14413510079776706 0.08180252122780018
2 0.5578703507125896 0.892448123130873 0.24416163347326886 0.13400362137697533
39 0.33572441582007895 0.8891178190584212 0.14957229612023476 0.10352105519380107
5 0.4269789463428263 0.1475163842437138 0.20514053677637442 0.11410150349512084
53 0.6761046366000824 0.17320069493473633 0.18761416590525626 0.08976932692180951
3 0.858097496498195 0.19405025038054274 0.17256158596740379 0.06788295579303713
6 0.4584166701181665 0.18180570305012983 0.2610142802037748 0.0526085264717488
27 0.8099578548231814 0.4447635583223209 0.19928367277738948 0.07795989260604284
22 0.4439658469867087 0.4307296578452853 0.21356686014162726 0.07340395604250761