53 0.7528975504258917 0.5829326923076923 0.16827585862392608 0.10336538461538461
48 0.39184645034310406 0.5673076923076923 0.308482662085066 0.1201923076923077
2 0.3196552016966294 0.8786057692307693 0.21724846917292118 0.12259615384615384
47 0.4966441296091727 0.8978365384615384 0.1455216338992205 0.07932692307692307
8 0.728753577659164 0.9206730769230769 0.1340622078000348 0.09134615384615384
5 0.8207915588224098 0.15745192307692307 0.19918997582189873 0.09615384615384616
0 0.5126250741242375 0.14182692307692307 0.19611436406399874 0.08173076923076923
31 0.7515112944601695 0.40625 0.23111174142595287 0.11057692307692307
9 0.3666456547069383 0.3858173076923077 0.22401216389842354 0.11298076923076923
11 0.8003126496808034 0.4423076923076923 0.0974447108222974 0.07932692307692307
6 0.5536121833067217 0.4230769230769231 0.2130532480749307 0.08413461538461539