31 0.7804797622437505 0.6649573679882732 0.16620309533514954 0.12349666424384345
1 0.6326152487120732 0.6585928792292768 0.19236565232606834 0.1124008192063655
27 0.6701316644231845 0.9289149225066632 0.06607879909967942 0.052747261481435444
27 0.7668269230769231 0.9543269230769231 0.11057692307692307 0.08653846153846154
0 0.5655643567308768 0.9252633516583675 0.12304576484647438 0.12679336171775818
48 0.3762019230769231 0.8990384615384616 0.3004807692307692 0.1971153846153846
0 0.6959134615384616 0.9663461538461539 0.10336538461538461 0.0625
33 0.8468292675933763 0.2649573781781531 0.1589356067333334 0.12084098561770097
6 0.703856371579808 0.26236654696479017 0.17464352700470087 0.0733516716428025
3 0.39264121492809845 0.20346082757912803 0.1432256765838676 0.0650488591346469
47 0.5579760781498934 0.23805715620937976 0.13579033756121803 0.05518164204696603
9 0.42344863850112213 0.4435249335398572 0.29863843435779924 0.1377289775179927
8 0.6987180031256948 0.5059791828717304 0.11711906973322674 0.07854855032597094