9 0.7997052486094891 0.5302218444509079 0.22335361357097894 0.12444497094893456
2 0.5937580731780355 0.5602869142065366 0.21707668288956994 0.08813531816391992
10 0.3735837192733339 0.5959155577018246 0.13456231985948527 0.0646212208186714
5 0.6037223617413596 0.8343883658643289 0.20220874431093597 0.13533037957021485
22 0.43493685246960684 0.8600968957668633 0.1990213043577741 0.11597363010078446
8 0.8099368524696069 0.840443978535723 0.0996800182507661 0.0915776710849078
23 0.36093400731174685 0.1376679147974794 0.07372745668303082 0.10221111922886585
33 0.7478552888560632 0.114981250219187 0.20333925054089427 0.10420635980887602
19 0.4087395249484341 0.1580478386051253 0.2960118090668353 0.08267728142435342
16 0.7763320880370668 0.133965169782276 0.17302385832102374 0.06663690463724982
9 0.6344132973959682 0.4051860687834133 0.19927026756350258 0.06321499495483024