8 0.5844193806002758 0.6038883777248978 0.11865557129216733 0.08275580236834615
28 0.3944176349581079 0.6087542867237856 0.1070279384762231 0.11556918203248674
16 0.8069429775253105 0.6027628245884202 0.17159612924153797 0.09126154723074337
51 0.787449007307896 0.8916193263034763 0.21754891898839082 0.11849378143008621
39 0.618145681156008 0.9178929807314028 0.1571171097537058 0.08544529513540439
0 0.4389612432061479 0.9220024698895557 0.23183213949957976 0.1074831104485024
5 0.5566039538755232 0.1776006486707232 0.19107864001370564 0.11424090899888781
11 0.8766091908020264 0.18048462465993742 0.09696501334279671 0.07643527037918368
3 0.41727877644076783 0.19576352148977033 0.14244229128923044 0.06280211996314211
48 0.6375540533956615 0.414926078026098 0.3187901702737055 0.14959216148207533
22 0.8123923251970597 0.45081623700228907 0.3109352923174822 0.0937994200497906