33 0.4743321845704343 0.6059993831134923 0.15521979477675146 0.11081651223672531
5 0.7069596244702028 0.6256944343106969 0.19359738908085797 0.10908401473396431
31 0.3165444848637829 0.6128664341884965 0.17187882953881037 0.10630253496388284
27 0.6678722834173344 0.9184601535916137 0.06392705067634534 0.041956326173398395
27 0.7598747233171028 0.9357005862832877 0.09436814351370898 0.08813291458478918
0 0.5520679472455586 0.9284653384075886 0.11443835431879908 0.11250705044879329
48 0.36658653846153844 0.9146634615384616 0.30528846153846156 0.1658653846153846
0 0.696619225900214 0.9562442601098895 0.1037316956567972 0.081089213286022
9 0.7824442639993021 0.22051439622336413 0.2388507452167746 0.09786201048789736
3 0.3509119073052015 0.21418462662092408 0.14342186206813273 0.048148675073953894
47 0.5162736269759935 0.2315028946018063 0.13836233728814415 0.04085321803102979
50 0.3566200590611836 0.4295596334889654 0.12735043640809843 0.0694895754237196
8 0.49731373601277357 0.4644871547167655 0.12254274410040612 0.06940565684233381
11 0.7851456932935713 0.4875511157537513 0.08648505179271382 0.06877626748194142
6 0.32531281977662546 0.46509283466299733 0.19748169565679732 0.0827256256230424