9 0.7608820878140293 0.632043579974823 0.23491635702576458 0.14230449410074952
53 0.5609900271384571 0.6470640699156699 0.18658747347151944 0.1338537504034258
3 0.36521276745794096 0.6756700188416338 0.13776489058191357 0.07029669773712208
48 0.8173076923076923 0.875 0.21153846153846154 0.24519230769230768
31 0.6895260350366281 0.911416840745852 0.17697208885613483 0.1331251401254997
8 0.5476768787187457 0.2333651653504947 0.09702548620518997 0.06960395020978141
27 0.7818577975511118 0.2318031953594383 0.14029471697442103 0.07288269646044981
23 0.7339528519996288 0.43210483053247384 0.07892853912237122 0.08978134503854426
5 0.3747191646672162 0.47125201947997 0.20961809310069165 0.1164445068674724
19 0.7755843396662645 0.46663357678314227 0.21555960755633444 0.13844342739105095
6 0.6079552317096237 0.4877188956427597 0.20911417214604702 0.10682912225208778
51 0.3764982204373987 0.5063810175649616 0.28286729986402676 0.14354369933653507