1 0.7855771281153887 0.6610576923076923 0.16472024616853093 0.10817307692307693
47 0.400543016329654 0.59375 0.1426660615482514 0.07211538461538461
9 0.6043244994002138 0.640625 0.28491255386083847 0.10817307692307693
2 0.3311785927018936 0.8737980769230769 0.20111359386475441 0.13701923076923078
19 0.5349181188488868 0.9242788461538461 0.2517062482250341 0.1466346153846154
39 0.5456993640748264 0.20432692307692307 0.13562235078097837 0.08653846153846154
16 0.8658016584243373 0.27403846153846156 0.12818704206041895 0.0673076923076923
10 0.40511632099839284 0.20072115384615385 0.12790732923664302 0.04326923076923077
9 0.4337649917372754 0.42427884615384615 0.2829282769426564 0.14423076923076922
50 0.6615989219874854 0.4699519230769231 0.18381115898741193 0.09615384615384616
6 0.7896592512118913 0.5168269230769231 0.2559545148851743 0.0985576923076923