33 0.5437733660120938 0.4627546572140047 0.0973706655839382 0.07138991008925161
50 0.36889827672755626 0.6316295679294672 0.16564342157756576 0.12785323176711244
9 0.7716203427859955 0.5653194617828622 0.21367838536379608 0.126288571427123
6 0.5616675212328697 0.608544003492586 0.232699358141101 0.1146050149834348
1 0.8415869905150541 0.8274375074866478 0.19984273851041878 0.15969066183681208
11 0.6960764629181534 0.8982372577373856 0.10259795079855885 0.09551229020909893
23 0.5862569130879666 0.16412618006589735 0.09597384240672004 0.12904025849086656
5 0.32190285839310623 0.22443548388887857 0.22557173826094817 0.11928682941904864
8 0.5350628359154191 0.20411041957673254 0.11904724025924633 0.0741713898593333
3 0.700040992134077 0.18895578483534528 0.14279198676285831 0.05776405968933851
53 0.5345146353675981 0.44215412774354096 0.15792837162771314 0.09888120004888006
51 0.7018966377401021 0.4270414522928466 0.2569056568423338 0.12463999250574777
2 0.3605775468314721 0.4884119049675034 0.20351752996940456 0.0948707342643517