9 0.8700747590705397 0.46632368368701826 0.25363298368260534 0.17820320869768766
2 0.6667454562836217 0.5456835534638016 0.23719422294094983 0.1387331104485024
10 0.4494340074089408 0.6344654445666934 0.15369973036892431 0.09936409216465783
5 0.7391144617799541 0.8216973912362915 0.2371840013216655 0.18423809407363806
22 0.5724148731843457 0.8864325841257565 0.22656077479699172 0.16433495165110437
8 0.9435096153846154 0.7776442307692307 0.10817307692307693 0.11778846153846154
23 0.3323197839469383 0.17218703653742692 0.09751918554055058 0.12417600686022454
33 0.7232801777821595 0.0677625521517252 0.23073856591137834 0.1355251043034504
19 0.38716220384044375 0.1828280142568284 0.31942891312636373 0.15406366719388548
16 0.7564249921717191 0.07015104488852103 0.19013536339260037 0.10909703009531321
9 0.6724758967390787 0.37880960906077027 0.21670365132356897 0.11334990252651181