9 0.7645002884577361 0.520132728259632 0.24252453920994993 0.13379224724705507
39 0.5620046778181287 0.5656511194910857 0.17947906843094302 0.09963126296282081
47 0.408473218652171 0.5908454654215086 0.13347031718232338 0.0782732359858802
28 0.7208290909035604 0.7747757930936584 0.12097736763111683 0.18817839345874943
11 0.3953745891547325 0.8741370955034993 0.08315738511432545 0.08553744098707537
23 0.4209926073863526 0.89459612108102 0.07665915459456517 0.1260669428004332
8 0.7152579420569545 0.11103435229709735 0.09703499125839563 0.054959206591129704
51 0.7089722377594724 0.3711535611155225 0.07788814060901217 0.05887121142674992
51 0.8218271291181632 0.35867985875556047 0.13384795079855885 0.09990785137049557
50 0.3874652628591339 0.4210120955034992 0.1652238286706374 0.1085748819741513
19 0.5964110614356316 0.40045418655240755 0.28044060689248135 0.10433362219119911