48 0.5431414146871266 0.5741091270217458 0.3649969841588677 0.21722673157608258
28 0.618951518438943 0.8308459332760108 0.1464707847199788 0.21026623236864375
11 0.27824778626693447 0.8325820603191922 0.09833590162467956 0.10103610277926287
23 0.2945721630204067 0.8614461455406388 0.09688320785555572 0.1417193348251659
8 0.5485426131020307 0.9096278180527657 0.170507236380342 0.1089045260175563
5 0.6098256159393698 0.1283763986444892 0.2363622349189103 0.1546880300089436
0 0.7406404107720621 0.16180939066171487 0.3231804471587609 0.17326475327951102
53 0.9197839043129276 0.20241663898161677 0.12215056260203 0.0932422438586941
50 0.4338463201413465 0.3789077637941943 0.1758744300908121 0.13330729269498115
27 0.7689330928497333 0.446227709844073 0.23077124064732912 0.12066987871613427
6 0.6009985579831201 0.4216276980384271 0.23373458820395307 0.1448904928240774