53 0.6904593592796063 0.6955619310739878 0.1594674598532975 0.12241684009322558
48 0.3650400951140489 0.6191064893168012 0.27802531396537356 0.1577846236901304
5 0.5960392482296586 0.9184806699802179 0.17452003979114997 0.1451443708947302
2 0.2777744395730115 0.8859319929854478 0.20583998457056946 0.14991620045183696
6 0.6526442307692307 0.9627403846153846 0.22355769230769232 0.06971153846153846
8 0.44519551627201265 0.22405745293164153 0.168383396674487 0.09910698883269024
9 0.8118777231665534 0.3313447954239864 0.22966861177077236 0.14452618768511422
23 0.3622921607085676 0.42375741686207735 0.08021048155579386 0.11880965145417968
31 0.7117977206290879 0.5417889221372819 0.21764938100154188 0.14361542483770642
51 0.5442279376540522 0.5049997807351101 0.24444141259094698 0.1576383338712345
11 0.74807810910183 0.5782661331180925 0.09365433156699755 0.08624872071722291
47 0.3383015333866073 0.4616904289904638 0.14378537690066923 0.0780546939071053