10 0.5551260293982925 0.45408620177521414 0.1781083780696521 0.04260184884209418
50 0.7960063168851838 0.5811034216423617 0.14234437428607058 0.0922433659686967
8 0.40284461163709706 0.5947921121684832 0.1566275995309995 0.06854060527190188
9 0.6420342965286967 0.5991572280491992 0.1758303984261393 0.06418051408643176
19 0.5154120170621803 0.8750939746009087 0.22657688584538946 0.11102854395534223
6 0.7113045008489197 0.8832596802643169 0.13766254848871148 0.11376608107275661
31 0.42574568606410096 0.17098884220699823 0.17834612592250373 0.08346723345747879
39 0.7755262792004386 0.17552381838664594 0.15661361436318472 0.06613675911805572
53 0.5615420160046865 0.17775579436346203 0.13978669128626164 0.0657451081361112
28 0.4329704083383048 0.3755115907748935 0.09229714525755998 0.16558764379209406
5 0.7465115019853577 0.41045731485037457 0.16878668197837826 0.09285881751175232
11 0.6250333602092382 0.4220549096894236 0.07731466162189121 0.06909809679658133
16 0.388149625296781 0.4345726670259084 0.11331641325832437 0.06032196428536342