9 0.7487980769230769 0.6225961538461539 0.2091346153846154 0.10817307692307693
31 0.3557692307692308 0.5913461538461539 0.19471153846153846 0.11538461538461539
6 0.5408653846153846 0.6141826923076923 0.23076923076923078 0.10096153846153846
1 0.7572115384615384 0.9026442307692307 0.18990384615384615 0.14182692307692307
11 0.5985576923076923 0.9278846153846154 0.09134615384615384 0.08173076923076923
50 0.38461538461538464 0.1778846153846154 0.17067307692307693 0.0985576923076923
8 0.6165865384615384 0.2091346153846154 0.11298076923076923 0.0625
47 0.8040865384615384 0.24639423076923078 0.13942307692307693 0.036057692307692304
53 0.5480769230769231 0.4411057692307692 0.14182692307692307 0.0889423076923077
5 0.6538461538461539 0.4579326923076923 0.17548076923076922 0.0985576923076923
27 0.7668269230769231 0.4699519230769231 0.17067307692307693 0.0625
2 0.3786057692307692 0.4483173076923077 0.1971153846153846 0.07451923076923077