6 0.5811349833013325 0.489390849047579 0.1300494311657306 0.059389714021649206
5 0.5728049551207699 0.5792829398698981 0.17698231047541887 0.08662194822099217
50 0.32805357826377635 0.5537239619414411 0.17293049959969353 0.10070883854818688
11 0.7227406107587858 0.6416395565968522 0.08525821591328153 0.07302286443769071
31 0.5811656481591851 0.6269143597106333 0.23972404933345715 0.1413050499002898
47 0.32977475472427026 0.6129543793065543 0.19330531259769743 0.07818321669119535
28 0.5897613088423708 0.8772252763151803 0.13470047837690904 0.19383700533909284
3 0.41813826931969306 0.8603989132046971 0.12359377413615882 0.07330851105090265
39 0.2735925494922709 0.8563229307128446 0.1719124360711201 0.12698305294255346
1 0.45806902376440317 0.9271265156445605 0.2201153393867044 0.13274876505522243
9 0.6646634615384616 0.9567307692307693 0.25721153846153844 0.08173076923076923
27 0.21648759611250679 0.933153724311986 0.18355372612436746 0.12061198097072069
48 0.3258675773233834 0.11205513615921318 0.22326484535323324 0.19284491890137603
33 0.6808230473509588 0.17547852936500957 0.13814283129789692 0.07672091699239562
23 0.8595997460254865 0.21693168055674822 0.09852702744983989 0.14340677609099378
51 0.6696329097523096 0.20485423309632195 0.32348072400208905 0.1399767768666908
53 0.4720084933726383 0.17776538217002485 0.18431982917561848 0.08953007426866175
19 0.7577444638704101 0.45710645930215715 0.2240207267852002 0.20726799582445293
0 0.340420084891138 0.4098293793065543 0.20595444456023387 0.09104291395013184
8 0.3625637320400401 0.4246474194831488 0.1554736753294648 0.08751295469336817
6 0.7146744250784552 0.49631618092946567 0.14648819190738585 0.09885981227083435