9 0.7668499003097858 0.6071849275775302 0.2451694323582442 0.1412151598385138
5 0.41138591175859907 0.5532567894632224 0.19907663464800698 0.12839870254611932
39 0.5691888786710927 0.5950005894143423 0.1862179623044552 0.10415044455419362
28 0.6642057001101949 0.8362785164878619 0.13154764427970278 0.1896818831160273
47 0.7305251592733548 0.9445625749298483 0.14227717827576788 0.08416440809095331
8 0.8131792123370777 0.21190517607944018 0.10065629624349434 0.061816484764559886
6 0.5899000573745554 0.1893441027762193 0.24846612983215907 0.09802984765066879
51 0.7422047329246471 0.4524725249799959 0.07164225408247632 0.056505280968553576
51 0.853621097575891 0.4745808591465872 0.14784036800034883 0.10588294205695448
50 0.42926974493164455 0.41103125312471744 0.16483517939213607 0.11098434939949661
19 0.6266522292251675 0.4496788786255595 0.27789989278033755 0.11536028221590573