1 0.4230769230769231 0.5667697856879441 0.18269230769230768 0.1273629596767094
9 0.7620192307692307 0.594679648959798 0.23317307692307693 0.13962392930397832
53 0.5625 0.5871071626148278 0.1658653846153846 0.11446186723685063
39 0.4567307692307692 0.8582752931159188 0.15865384615384615 0.10206469575163624
5 0.32091346153846156 0.8894316381387356 0.19471153846153846 0.15203132240847703
48 0.41346153846153844 0.13818716818105028 0.28125 0.1613743033079707
27 0.8497596153846154 0.19705252409481958 0.13221153846153846 0.06221737466482518
47 0.6189903846153846 0.19111778085244444 0.13701923076923078 0.052853950526762825
23 0.36899038461538464 0.38450818721166624 0.07692307692307693 0.11941598302177234
50 0.6057692307692307 0.412964518318927 0.14903846153846154 0.10156077479699172
0 0.7391826923076923 0.4360206919963097 0.18028846153846154 0.1031985178995867
8 0.41947115384615385 0.42032414066132046 0.13701923076923078 0.08170010437291667