3 0.7043269230769231 0.40900647674156343 0.1346153846153846 0.08559673538142767
9 0.7908653846153846 0.5452486088274262 0.24278846153846154 0.17236574664260254
6 0.5697115384615384 0.6058616644370588 0.2548076923076923 0.15129093592803214
1 0.8870192307692307 0.8369866615724022 0.22115384615384615 0.18818502131344444
11 0.7403846153846154 0.9142916599824679 0.11778846153846154 0.1112553165356725
39 0.29086538461538464 0.19623958070739805 0.22115384615384615 0.14010809823652137
8 0.4963942307692308 0.15893724056516856 0.10576923076923077 0.08665705032716572
27 0.7295673076923077 0.1253262973178888 0.16826923076923078 0.09197188076524619
5 0.3545673076923077 0.4299757762278676 0.19951923076923078 0.11506198829197864
53 0.5372596153846154 0.4168501918279371 0.17307692307692307 0.12584964878711047
51 0.36899038461538464 0.4630994649088448 0.3245192307692308 0.17376857224506267