33 0.5033914115810262 0.6336745880656676 0.1753746397189704 0.12233901035354112
53 0.6705566684982484 0.6428859053510679 0.16988130283687697 0.1053161888267892
11 0.8257516692586969 0.652809399588819 0.0919787336646555 0.07814335209106542
5 0.7715508209984754 0.8833868220516632 0.17527669049405586 0.11993516419969498
1 0.6369313462396485 0.9366979470007704 0.1969113058786715 0.1208167072239251
2 0.43990384615384615 0.9411057692307693 0.21153846153846154 0.11298076923076923
6 0.8581730769230769 0.9447115384615384 0.24519230769230768 0.10576923076923077
28 0.5412979758406153 0.15044844638669125 0.130725939514053 0.20451464123986765
3 0.7781706810759338 0.22129657273892692 0.17273001064628019 0.05743516419969511
51 0.5530743250648567 0.4689090871588494 0.23669924901999714 0.09603953635516309
39 0.7920121443102628 0.4726454196532217 0.1861205305643135 0.09157875647811355