33 0.5097909829572694 0.6100768980393211 0.15994354292701182 0.11213593038866995
31 0.3591461447605665 0.6267426353312492 0.14088066201110677 0.11616002889704656
1 0.6634005715369692 0.6439409045906193 0.19516179366038328 0.0895667072239251
27 0.7544071701639837 0.9128961782377106 0.059119358368653036 0.043216166013331433
27 0.8520987160244815 0.9264785064621303 0.09917583582140128 0.09045643053503974
0 0.6445437724252335 0.9288232061993381 0.11924604662649138 0.11527848587281671
48 0.44711538461538464 0.9194711538461539 0.30288461538461536 0.15625
0 0.7906899900710986 0.9551818266143546 0.09643621303782678 0.08074309669474043
6 0.645146546834301 0.22432282690709376 0.174923694540429 0.05993695957845569
3 0.32465280608299985 0.22326583615024567 0.13629426776402637 0.053562079672132126
47 0.498931652236846 0.2303671549565432 0.14076618344199032 0.044142593506576504
53 0.40018702581903653 0.46158533752477326 0.3134539201434373 0.10878929616781008
22 0.5875611095828884 0.46561960783733103 0.13861416976044041 0.0512561827432004
8 0.6910104383557052 0.4722352706624985 0.11027168085887896 0.06450386896730406