9 0.5384615384615384 0.6197650297263256 0.2956730769230769 0.11369051597953117
16 0.33774038461538464 0.605544154119208 0.12259615384615384 0.07158884433672874
9 0.7608173076923077 0.6467606335195628 0.2283653846153846 0.09451315649450966
2 0.6610576923076923 0.9209211817553621 0.23076923076923078 0.12584710065194188
22 0.34975961538461536 0.8980311825986761 0.19230769230769232 0.11729245567149003
10 0.4855769230769231 0.9183990274935889 0.11298076923076923 0.09048383693776976
19 0.33413461538461536 0.1703220840369061 0.14903846153846154 0.13020453776078933
33 0.7487980769230769 0.2160524511939409 0.2091346153846154 0.11066852631197605
8 0.5673076923076923 0.2205319750001261 0.0985576923076923 0.05392247968548473
23 0.6502403846153846 0.43857227920076386 0.07211538461538461 0.11309524779988568
50 0.5252403846153846 0.4606494907066031 0.18269230769230768 0.08570667904176169
11 0.375 0.45420105779017467 0.08653846153846154 0.0775412204367859