9 0.777012539573534 0.5177555594154691 0.2505992363354531 0.16317927912131813
8 0.41122442942472465 0.6463579639205471 0.14711809310069165 0.10922201605944465
39 0.595065891693909 0.5886323365673651 0.19683275928020988 0.14327217795704017
0 0.8701921780935421 0.8004649117164921 0.2149194847437446 0.16829069615966
1 0.6861515238470819 0.9003978548568615 0.2562990119330579 0.1347531495598035
28 0.6454701283788125 0.0885423079637968 0.14697166962346214 0.1770846159275936
6 0.3056731734677126 0.24260440108749284 0.24352389973186014 0.11963003216232775
3 0.49913002035228166 0.1843187413547918 0.16028136763715695 0.08602360309026179
50 0.3492641260468639 0.49926776143995727 0.1846875482723178 0.14016829132879507
53 0.5663814937539109 0.43237048229692004 0.24959139442616396 0.1439485098905489
27 0.7578124352006171 0.38143636912063716 0.21455176564704515 0.11554608886992448