47 0.3467802372027603 0.5338972454155099 0.15418488598991223 0.07524444734334519
31 0.49436372231512826 0.6531719157696947 0.16546540742884253 0.1166137529133746
53 0.6638838507737395 0.6632554456722294 0.2024046427607648 0.14013807187790717
5 0.7946322325223 0.8991847554169254 0.1857736181336706 0.1440639025149716
2 0.48197115384615385 0.9567307692307693 0.24759615384615385 0.08173076923076923
48 0.6490384615384616 0.9338942307692307 0.3317307692307692 0.12740384615384615
6 0.8774038461538461 0.9387019230769231 0.2403846153846154 0.11778846153846154
50 0.32641697022473604 0.24018708381096499 0.21143233202666273 0.1262189159094749
9 0.7411334965190969 0.20435234752636797 0.25067746428751675 0.1474653689588226
11 0.4056520257374835 0.5069986744589617 0.09448052904341622 0.08171032599220086
51 0.5348230480832319 0.49817660734666425 0.26181515203251754 0.12646065476751303
39 0.7702795797007329 0.47813373777786516 0.19132001977166352 0.1035764586155702