19 0.6220208111552855 0.5384615384615384 0.2607287635247667 0.11298076923076923
31 0.2901164039954508 0.6105769230769231 0.17609022718550668 0.10336538461538461
48 0.6141214921907527 0.5745192307692307 0.2545250669725174 0.13221153846153846
33 0.28360120725256527 0.8954326923076923 0.1506557614024882 0.12259615384615384
3 0.45155037661550107 0.8786057692307693 0.15585161604544814 0.08413461538461539
22 0.6811755636174972 0.8545673076923077 0.22327506697251756 0.13221153846153846
23 0.38731718853333186 0.20072115384615385 0.07512868872396822 0.10336538461538461
50 0.2329092344228449 0.234375 0.1711565546391532 0.10096153846153846
53 0.49403638190216337 0.20552884615384615 0.1876055370000928 0.09375
1 0.6208052160530617 0.19471153846153846 0.15585161604544814 0.08413461538461539
9 0.28931963608634714 0.4423076923076923 0.22897484257012207 0.10336538461538461
5 0.6545731604226592 0.421875 0.20809610861747366 0.11778846153846154
47 0.45904786121946545 0.46033653846153844 0.1447244685661297 0.055288461538461536