0 0.6221005176379226 0.5626982079033437 0.21501495536956566 0.11803304756031475
9 0.8047109670123453 0.5671140468242553 0.23100182987721005 0.10498354033484042
22 0.4298628293776702 0.5795980703814403 0.19947181368745057 0.09762493287445746
2 0.6620180436747927 0.854103308368685 0.22561039664910856 0.13564486760729666
19 0.433092626679889 0.8631292267921941 0.22899429946711314 0.1526680149267343
10 0.8195981205761504 0.8641852710667699 0.14488339262338784 0.10513100606585095
23 0.8474472386686384 0.13974476803384456 0.07841574888497423 0.11405980419851701
50 0.4084652994019557 0.1707479999850795 0.17020563555665738 0.08805870350274302
11 0.7596949997828089 0.1674377573145797 0.09512637240790739 0.07236036736940357
8 0.5996292184097197 0.17688090021103595 0.10672557889249909 0.0661299501204385
9 0.8189488619092232 0.39688257362987783 0.21034727115675295 0.12004444522913155
16 0.44727461495023285 0.42239152679070197 0.16682173273865294 0.07103555618330513