5 0.6262139346985983 0.6496676805338537 0.19481707546163124 0.10259491378671179
1 0.4182863532005481 0.6628755786706173 0.22568913474564775 0.09683886746729059
31 0.673157035627571 0.6735415145986493 0.20961809310069165 0.11047821785230437
3 0.5100206693819695 0.7057035935585071 0.13536104442806726 0.06625400521664943
28 0.7632211538461539 0.9122596153846154 0.12740384615384615 0.17067307692307693
28 0.6670673076923077 0.9122596153846154 0.12259615384615384 0.17067307692307693
19 0.37259615384615385 0.9447115384615384 0.2403846153846154 0.10576923076923077
47 0.5456730769230769 0.9699519230769231 0.125 0.055288461538461536
39 0.8028846153846154 0.9855769230769231 0.22115384615384615 0.02403846153846154
33 0.8105830819682467 0.23535004357946201 0.147370053578014 0.11237492587576242
48 0.3529704510668494 0.2309043891946729 0.2961565546391532 0.11450881147662884
6 0.4555169641309365 0.2513437093570604 0.24429000278311117 0.08571532417013192
53 0.6554141356161508 0.2534249284182699 0.18191598302177234 0.08520818603974376
50 0.3424034434482385 0.5015050229033787 0.15888536339260012 0.10331934593042291
8 0.7305616071750618 0.5207886368227571 0.1667370246667287 0.07011334351261284