3 0.48709561637681664 0.46451631829032175 0.15043721504540605 0.06443273017016342
6 0.6432896662365389 0.45756606147420753 0.11639171790961537 0.046626580181367124
5 0.6205950130037933 0.5676754816581123 0.18733415945726506 0.10153959416914837
11 0.8117847074449791 0.5657206409250306 0.09313655833504288 0.07958097854101832
9 0.4713617309134086 0.6153162611410624 0.30350207680576946 0.13855078973513102
22 0.7526117309134086 0.6071327219489798 0.261293888823718 0.0796694207926917
28 0.822523114622116 0.8203884436738839 0.11678537876965824 0.16674894309425525
39 0.44861414235753283 0.8781748292633274 0.16329569791880352 0.10084014637495314
51 0.599916574699146 0.8677586927752828 0.15832015519027792 0.09348871835457583
28 0.8748492335430029 0.8465288616855952 0.12690431464754298 0.1886633375965489
1 0.8401623196721162 0.9064722641461186 0.23345483750256418 0.12209931420888837
2 0.5668512099572657 0.9456959689999427 0.1531208119006411 0.07652190571881362
27 0.4093713118102038 0.9490754289749975 0.17000368511784197 0.07941536532859644
48 0.33287975698456207 0.14306179598875798 0.20667883884668825 0.21020228454816187
23 0.8451507633850428 0.13898086566471018 0.07731673778311979 0.12236059585431248
33 0.6795931045411862 0.15702820929081016 0.14898452127628195 0.10522817000612854
53 0.4832330468195514 0.19521560428013301 0.18442676204091876 0.07983503400511349
19 0.8161977339535794 0.3936008341970623 0.18426092149818382 0.17591893537954015
50 0.5884478008812504 0.4266878959342234 0.14372922784636744 0.08585751121652024
0 0.41556670329529954 0.4401373815908896 0.18213481616762822 0.08457278153338631
6 0.7737957303586541 0.4321194556112289 0.15334461246175232 0.08613729033419823