33 0.334408385180082 0.5958967232595712 0.16621428327735366 0.130730713383469
27 0.6879256321607914 0.6159883816660999 0.11718101207716212 0.07277268750267997
5 0.43172010205476224 0.8862244802692356 0.21216737639019018 0.13580412387964239
8 0.6828757296251354 0.9297672231660044 0.10628184606696979 0.09193353089437514
3 0.2616307660520945 0.9164955185221999 0.15153489870540723 0.08498771062131802
23 0.33543137262509887 0.16546841004296178 0.0758718946362482 0.10617480063585984
16 0.4262993524096185 0.19485299284998525 0.13062403233608075 0.05602967543264575
19 0.6934181459467462 0.21203733906133507 0.2710271659233162 0.07366773824282703
51 0.3174166238921586 0.4334832710289931 0.15662260720285914 0.0898233732646399
39 0.5675684862574835 0.45297356721948556 0.17599338452850824 0.09233910076100435
9 0.7563522676522914 0.4733091647076237 0.2247940566207201 0.06378663543896128