1 0.3966541426507964 0.5820818640157394 0.20360911878790725 0.1463064978325079
9 0.7118312632849698 0.6906022061849761 0.230387309282242 0.15444142202579933
53 0.5157531742728424 0.6355998901199059 0.18381854488709293 0.1336157138038206
11 0.3021204161127333 0.5956349649528112 0.1177950893931567 0.10731076001469256
33 0.6526442307692307 0.9326923076923077 0.16105769230769232 0.12980769230769232
50 0.39319643125695514 0.8889499973395684 0.15737623719478522 0.1326923280720675
39 0.5249304787852815 0.9296665903847414 0.1598920442826404 0.13518011838334587
2 0.25089533117416757 0.8683303199723593 0.15133697461299384 0.10608213206489563
8 0.6504773840438407 0.25024810483228516 0.09448105999840614 0.07049757029011161
27 0.8720461128091993 0.3266064989368006 0.1255071381303881 0.0667811520290363
5 0.4113967108881147 0.39479172440931964 0.20858143856926545 0.0984814072278811
23 0.7567898498463786 0.5007555993156881 0.08391732137129264 0.10132784950295118
19 0.7892944394629585 0.5524535588292226 0.19891338741422396 0.14854245567149002
6 0.6217266214949579 0.5056701111148759 0.20936516510732872 0.11530833030480417
51 0.40297993542230554 0.4462645563234317 0.2879676560405407 0.15405223565032328