31 0.3520150474036291 0.557692256742908 0.15133697461299397 0.10608213206489563
51 0.7016857211967162 0.6246793886773145 0.18611043010693004 0.13129581180740638
8 0.5291422695200099 0.5935057247065253 0.15077716994294887 0.09406290129566486
2 0.4752334360925754 0.8749808523059477 0.292663387414224 0.15181627781134127
48 0.4271205942616856 0.1302807718912008 0.1866175682373183 0.19371186764997436
53 0.7026902338244021 0.21665512370420895 0.18566258637089397 0.12168042719202184
39 0.5427521508567998 0.19824092071369717 0.15821263027250537 0.0991224260756535
11 0.8376941677814707 0.2551395374998108 0.10728401730570006 0.08774421415419512
23 0.7773048558909039 0.46964274942126927 0.09716812241462236 0.1281898779824193
1 0.6482808901212747 0.4573488108456788 0.20902928230530166 0.10809679184326572
16 0.6117753540775462 0.4682233578225447 0.16005667175630642 0.08718713946385474