0 0.4130020922781826 0.6692668169303181 0.2087448151840251 0.11899311438419875
9 0.8050868543914399 0.6220406224970575 0.228101462286873 0.12654032717127978
19 0.8121901411028832 0.8913133510185195 0.19279903721165134 0.16918016858011817
8 0.4855769230769231 0.9567307692307693 0.16346153846153846 0.08173076923076923
50 0.6915511775661234 0.9324636376077623 0.15096858891033177 0.11317839909987872
53 0.4318707480004343 0.23583413835870848 0.2496521590901026 0.12211026847982308
16 0.27268632742075033 0.27150538398917373 0.13595808191755518 0.0792727972018755
48 0.36637611825352534 0.47620385739015486 0.24142143106758132 0.20126935439397486
23 0.5125072221498267 0.44991722027626374 0.09825181068848766 0.12187067932002084
33 0.7594949662809345 0.41938325798685605 0.22624308691203346 0.15774836788058705
51 0.583756358013831 0.4703857885824714 0.2691346840650289 0.1368690197284426