2 0.7822895454517802 0.4671284720571348 0.21752101398555312 0.08496787413401262
33 0.3318289604107749 0.5827844331123504 0.17530076548364312 0.1415319916149023
48 0.509797494376776 0.6021127193661282 0.30485670204717835 0.13770502378761762
19 0.7812432929532738 0.6134687510779783 0.2642011138852578 0.14638844243409904
31 0.5747819055886446 0.8870664023520719 0.19664166583340867 0.12647108672061116
0 0.761163901093107 0.9070814734546512 0.189514045953256 0.13069010630075958
39 0.3965135732956163 0.919322696284729 0.18027629495410671 0.15153982471531627
51 0.6430288461538461 0.9507211538461539 0.13221153846153846 0.09375
51 0.8377403846153846 0.9543269230769231 0.14182692307692307 0.08653846153846154
27 0.3176312000488801 0.18195537576942172 0.14991960664301102 0.06264667226667875
3 0.5361923832407623 0.188994474145949 0.15713114510454945 0.06323534499422277
50 0.31611122876839765 0.43867635362467355 0.1578864123370204 0.10650457576345354
6 0.5383830794177812 0.45201940374958816 0.29461192807140135 0.10086243450986661