2 0.8069783759959805 0.4969967907961952 0.2589738286706374 0.1189475213412394
33 0.5279671147558697 0.6743612129034969 0.18268014110795286 0.14962622811481552
1 0.7198971734473265 0.666174061354172 0.22814342157756548 0.14080077000646632
11 0.8518569561647079 0.6609961158178573 0.10006822677263418 0.09343028675404788
5 0.8260257879562605 0.9004814880551316 0.18504202797110628 0.1473904752589106
23 0.4543269230769231 0.9447115384615384 0.08653846153846154 0.10576923076923077
3 0.6911057692307693 0.9579326923076923 0.17067307692307693 0.07932692307692307
27 0.875 0.9519230769230769 0.2403846153846154 0.09134615384615384
28 0.5003025280958414 0.18984338959689098 0.1601941733251261 0.23688760282771193
39 0.702666177571193 0.22920361123933058 0.1892203309184059 0.11166896954710054
51 0.559801815056755 0.5037216426467203 0.2571993718771836 0.1548371203509906