5 0.3345163587226519 0.6021866590298947 0.1903583177445774 0.12160176114946325
1 0.6401373891357929 0.660988812429202 0.19896605395388095 0.10041498950088368
33 0.5992554348836703 0.9180587427595555 0.1603398880186765 0.1465885766996537
31 0.4520906620261859 0.8967500683949242 0.13288993192028775 0.12372239104093935
0 0.7139423076923077 0.9375 0.1346153846153846 0.1201923076923077
27 0.281865428839145 0.8791854574648998 0.15580878411865914 0.10080353884256774
48 0.7465752497306823 0.2636330788282232 0.26694551186562737 0.11797297257621303
19 0.5549393230270442 0.24025312718442537 0.2107613628550937 0.09616710186323654
11 0.4027989164608539 0.22232630018254543 0.08693363873484063 0.06401478653646929
53 0.3691021674004414 0.45443574823253674 0.1620126741741165 0.07950480625997941
39 0.6357315018791747 0.4969674692976185 0.2785168988988218 0.10891739263087338