31 0.4180688499013645 0.551487856627758 0.17128842430692792 0.11970115198777237
51 0.821041732114243 0.5751106806219354 0.20987582927879947 0.14447535525262245
8 0.6141571260375109 0.5655436577858892 0.16158912868465458 0.10449317809463675
48 0.751505809605539 0.8176781419299642 0.25844223322924076 0.2325344554875312
2 0.5209743266891598 0.8773810538267572 0.30138980513873104 0.18077803031433384
53 0.7354938134251837 0.1323611862194607 0.18090380892231267 0.12048604895783101
11 0.42278403590796176 0.12181264543867545 0.11591605176157767 0.100764917486858
39 0.559915148019711 0.12985863284610852 0.18807339188040664 0.11386318322383654
1 0.8787394296801593 0.15794545917445324 0.2096240962581333 0.10120612448339167
23 0.8729124228322858 0.39651490113276644 0.08973946225775091 0.14427952774227365
16 0.6902131225560706 0.41022602048695833 0.1831678033980107 0.09664381166188409