0 0.5545430122288847 0.5935932039087077 0.08969753231650301 0.06697400134412408
19 0.3898795506904232 0.5897606192996798 0.23929541950251668 0.11851983311826945
9 0.7617064942711929 0.6645386602735049 0.22965206360475457 0.11589218640331221
1 0.386620896293432 0.8698086962227568 0.196166045145174 0.12953196136250036
2 0.5123053506463693 0.917217232433494 0.2851642954022369 0.13640980886047033
10 0.7247596153846154 0.9507211538461539 0.16105769230769232 0.09375
39 0.8169004245825889 0.2606655362962614 0.22716430360377543 0.10862469780149595
50 0.4317684133085326 0.19279130801244695 0.1572849374479715 0.09257906681036335
8 0.5936504163810503 0.22901986555812018 0.15233738872839112 0.08044793576057703
9 0.7613305660897232 0.490203863979381 0.20572548719580325 0.12494806961591902
16 0.5404144758360867 0.464623758766133 0.14031815795916033 0.08016818505918813