3 0.36075452608580727 0.5161391798763765 0.12094753231650301 0.06980130739956864
47 0.7580884235298628 0.47220464814110663 0.15222550359888076 0.07347849347730263
33 0.7050491240268566 0.5866852782669845 0.15018528411594353 0.10463054425238806
31 0.5530334050458079 0.6297933232512203 0.2034614974538453 0.14043927335435205
2 0.3794809701684656 0.6636063636727646 0.16936011078195753 0.10060644574401159
53 0.4423076923076923 0.9338942307692307 0.1778846153846154 0.12740384615384615
9 0.796350794753502 0.9042561957280283 0.22537582566223663 0.1653592779170437
50 0.7371827456176934 0.2019943866611929 0.18151919796307625 0.11311542263781436
8 0.528830484074337 0.22957947101378545 0.10898424411202748 0.07411925358268867
19 0.3373750738138476 0.2518405845561637 0.2752971692454539 0.11933928856332401
51 0.5005412296797931 0.4905702349214145 0.2466188430935656 0.13258697478742767