9 0.39523281082327 0.6661214626342778 0.2200682243929029 0.09764118399390972
9 0.7878208854650013 0.6883747417616752 0.18744693524410067 0.06307805570760977
19 0.625 0.9375 0.21634615384615385 0.1201923076923077
53 0.7764423076923077 0.9915865384615384 0.17307692307692307 0.01201923076923077
39 0.8055496951745164 0.2532785879155214 0.17572155214961319 0.06993987027205083
16 0.4120800775085552 0.2526599241727393 0.168118216788417 0.06011465131840765
47 0.6620311028960979 0.26113610430929135 0.17233821374662248 0.04583146395416979
28 0.7372258064355488 0.4534530453531106 0.12464490728247285 0.1716965249607867
33 0.7991156688515546 0.4997777358538814 0.17748463819807314 0.1132091010412816
22 0.41342284276211105 0.5150288788390676 0.22119873062286124 0.06646112877332928
27 0.6357786119928802 0.5214987709353722 0.1489853967825622 0.06195893923689784