31 0.43433235571860807 0.5899937569774101 0.14955107683620042 0.09302443078881034
51 0.8147237889467095 0.5631911908754497 0.17979731163115203 0.11739854771580319
8 0.6234661573506155 0.5789823344390872 0.15846642097718608 0.08111708514908991
48 0.8136714850846504 0.7925906708734918 0.2390059998262467 0.18534957951818035
2 0.620604480950334 0.8804272708465699 0.2890904533132668 0.13788802465356462
53 0.6209493763684709 0.16457061444202414 0.1641141618541571 0.09559610463692209
11 0.3307021739096002 0.19242210363314485 0.10770563555665738 0.07572199591146787
39 0.4624236840390595 0.18554706262545173 0.17543335214898903 0.08371673027957935
1 0.7556347650312956 0.16733892933209324 0.23751332786434995 0.07723244515985865
23 0.8201982020679264 0.38909415805705794 0.09141503631836329 0.1259789948832163
47 0.6369102991847645 0.4386090759804857 0.17842093922324437 0.05252267284433451