33 0.7423474238060729 0.5700570243172783 0.1833707011510571 0.12711099919938723
2 0.4103993605619809 0.6509774832124088 0.169448134503673 0.08561571339069693
47 0.6236699026502345 0.6477666475301748 0.18454297703080405 0.10079467174574055
53 0.5108173076923077 0.9302884615384616 0.18990384615384615 0.1346153846153846
9 0.8527203085790636 0.8803846954021861 0.22843130686443194 0.16784018195682648
8 0.6802328373693616 0.9097126665607908 0.1301502029644144 0.1171278954873033
5 0.6666294057383144 0.18001426782017982 0.17090362664579026 0.11686571339069679
48 0.5360413008199066 0.20794112392458544 0.32173346312839585 0.16313802664922689
11 0.7482482140350746 0.18189374978081302 0.10476821021784488 0.08702193925453781
3 0.30365526436224033 0.26410467592040743 0.17665967296521146 0.08599365410668021
50 0.49524846630826447 0.4647849432894246 0.16358012725024265 0.11408392652086714
31 0.35034924540078877 0.4943597641157095 0.14468524082150047 0.1202876230731163
19 0.7321096261989436 0.45321852537841756 0.3063027377992377 0.1407475298326446