31 0.32917519501474296 0.6288480881593856 0.24665442768912 0.13881131368466762
48 0.6188913230928615 0.6844269112093339 0.3118941566449932 0.14715575299491263
33 0.1906279219996526 0.917531589658743 0.17409119933769934 0.12793715034849823
3 0.3629807692307692 0.9543269230769231 0.16346153846153846 0.08653846153846154
22 0.6069711538461539 0.9591346153846154 0.24759615384615385 0.07692307692307693
23 0.48212583953777705 0.21170567494668388 0.08263308455753642 0.12393885114832442
50 0.31704418146045543 0.1919835608119555 0.17582327988749144 0.11355603271611404
53 0.5947410787693431 0.24735258740843952 0.19974978049194397 0.11157177946919625
1 0.7435259712426106 0.2812250430767414 0.16760409301987195 0.09179553945942026
8 0.6794452624570941 0.5206865540661145 0.10717205637169104 0.08353501873056092
47 0.5098061672099268 0.5213341933030392 0.17347210027330215 0.06307526348534481