5 0.612870648435109 0.5258556186255927 0.21092745599593982 0.16110605408703085
1 0.46042339017734524 0.5864908932234546 0.21015806342232515 0.13466374639472314
31 0.799776117810043 0.4901174354017561 0.1988382804472895 0.1577210867206113
3 0.4664900885145888 0.629367675507656 0.1565040554640951 0.10390450536709259
28 0.7685888364081337 0.7432570232819907 0.14968646202549088 0.19927345455088002
28 0.8676839763882638 0.7122771787560935 0.13526338510241395 0.19809610909579226
19 0.5099269550510392 0.8800300811007051 0.2401233337391912 0.17547997576643745
47 0.6796557774519528 0.8336462368052406 0.13507927441773843 0.10935002564599909
0 0.8651844618014152 0.7919965503180459 0.2275445447346042 0.15526808532309497
33 0.7141135565501919 0.07182342864460739 0.17197630407846495 0.14113954312987304
6 0.5835806927947218 0.1403080696752219 0.18789394502293424 0.11126311282747571
9 0.40485876261187015 0.45729625289905845 0.3123786079134148 0.18617439534957006
8 0.6830882752700398 0.37193612864609943 0.12999180299236784 0.09934219254558513