8 0.5515644860985648 0.54768672235 0.13962149964962547 0.08329982204617127
6 0.359802430814181 0.5756353592299165 0.14649726148143558 0.07414657381378352
50 0.5640836032229773 0.8371961384274625 0.14742064721318854 0.10058888150609135
51 0.8075855900996115 0.8420702391742604 0.1826694323582442 0.14841859488315323
0 0.398595967316037 0.8586425829286982 0.19351344492342576 0.1155349760343021
28 0.6595390893456935 0.0884704782207449 0.1238324408735718 0.1769409564414898
5 0.8328831121007549 0.11768143833943621 0.2176358506193195 0.11947927679813783
11 0.47023811949971417 0.15055768756566312 0.08366148485170723 0.060526007212426035
3 0.3656288397286904 0.1560567420421946 0.1386981139178725 0.056857514353863575
48 0.601675114749111 0.36137434632421694 0.31146979477675146 0.12789089593094316
22 0.766857508438007 0.4001781011301341 0.31468254809323426 0.08252590992986424