31 0.3346146996087776 0.5589030026549686 0.17619401278932387 0.13384147249907757
51 0.7270631612983097 0.6838490509129133 0.21719924908285648 0.16049870687452136
8 0.5254267803154361 0.6216303860351549 0.1664807319992356 0.11639836757815877
48 0.6322115384615384 0.8882211538461539 0.27403846153846156 0.21875
2 0.39663461538461536 0.9014423076923077 0.3076923076923077 0.19230769230769232
53 0.6948575813684444 0.22608654557458227 0.18580939740470834 0.13445765434307347
11 0.3887727666196889 0.13673421083567697 0.12077968474052912 0.10866381151148624
39 0.5231923588856664 0.17901460280546463 0.1929789803628026 0.1277082522645318
1 0.8339799771835033 0.28670387462021396 0.21213982375449802 0.11692138518329266
23 0.80015750766073 0.5202011839736511 0.10178666336261152 0.1482968324388792
16 0.6187790043878638 0.48933998243746074 0.1856695457265605 0.1104191928046118