3 0.36392117545167524 0.4668496517626299 0.13537060923957994 0.07510439004481438
31 0.3823704329064995 0.6049976606993358 0.16477618873328603 0.12536714395551635
8 0.5720924657248913 0.5749826077102913 0.15468529231748201 0.08377314906220554
9 0.7990880995690871 0.5433461129712055 0.22006465027174743 0.12955665305359268
0 0.6437488503769875 0.8402239517877589 0.0946171097537058 0.08162318097901206
0 0.7915993744797146 0.830223491841565 0.1406258420653139 0.11393023364531601
27 0.39307838166523895 0.9049319722216603 0.08472201231454513 0.05685610916262417
27 0.5708371262791551 0.880635374387716 0.15261710155216718 0.11243715033887779
50 0.42791427079762107 0.17689361058637657 0.16936011078195753 0.10650067986371028
53 0.617692246180768 0.1516862499050244 0.18372724514027922 0.10278590297290743
19 0.48251996211377335 0.42417925341944573 0.3401171015521672 0.12664505075844062