33 0.37505704779049276 0.5872623466190231 0.16335540894973966 0.11723072002153746
5 0.530915250890835 0.575828828649094 0.19710720432850024 0.12002616412867002
8 0.7144666593728652 0.5652755640087456 0.15698052904341608 0.07871323899524377
1 0.41504288089894403 0.8898252922562961 0.18950386896730406 0.11032686566615268
27 0.8450150525281548 0.8475448316849002 0.16988130283687697 0.1004877107917471
6 0.5653322401267858 0.8892790101846187 0.14152489511529553 0.11217128617244672
6 0.7296039047655896 0.8777475927263679 0.09997386592550966 0.09486885129510424
9 0.7270797742611703 0.1370413075944101 0.24238848435191956 0.11094223387846004
3 0.3020356863990739 0.21173173431916267 0.14157795987119476 0.054506949762516646
47 0.47442696490159586 0.19289087891105186 0.14609180450414377 0.04735135386573335
50 0.3578730404787459 0.43113821738972236 0.1581559197423895 0.10755939284139761
11 0.793093675927764 0.39961912194587895 0.09448052904341608 0.07798598565342593
39 0.5193715042985533 0.4400814491627304 0.1862184797892278 0.08866427899915968