6 0.5931680128253871 0.48892974606737066 0.12286187203463506 0.05066848739371384
5 0.5938524846931628 0.5778230791472211 0.16866081546804507 0.07416413805170376
50 0.35226594623162427 0.5876669762511232 0.1639370341672416 0.08839131652495169
11 0.7450360667808967 0.6161234318237647 0.07969053744010779 0.06573232442217694
31 0.6056059972739123 0.6230064099457258 0.22663282651664873 0.12459184252657352
47 0.35914184066560756 0.6450654362686875 0.18543179787370898 0.06523439801072027
28 0.6330396491707717 0.8646194807852139 0.11882336395675654 0.18268412740542345
3 0.4647634258176336 0.8726778496061485 0.11573424457998531 0.06479771664204748
39 0.3228735694855439 0.8892741615684085 0.1616870248593581 0.11473567499234495
1 0.5089059282201397 0.9273561735606157 0.21211185341886818 0.1071772241001636
9 0.7191445705069746 0.9356125394575247 0.23835836876176886 0.07460081942037643
27 0.27805977902792756 0.9499804529985566 0.17339858193666344 0.06234080573230198
48 0.31521771107452967 0.1397639076929808 0.2031118161873347 0.21255465796973677
33 0.6671294395923248 0.16868357701224485 0.130171306670877 0.0677892581453802
23 0.8436792728057766 0.18432084744257138 0.08730764576827546 0.13573771055845862
51 0.6573322477953478 0.20032537391190267 0.31069751606219004 0.11600083462934847
53 0.4626696574211612 0.19984579959151147 0.17588633909739831 0.07686183188029319
19 0.7641347782725748 0.4314945818676756 0.20537581066303273 0.18861414565618967
0 0.35308407854878987 0.4470419762511232 0.19511710832816753 0.07764542567960876
8 0.3758506911712543 0.45813068938366663 0.1494440314050906 0.07578439040623436
6 0.724219583713447 0.47637997484799477 0.13991255779659456 0.08981567042965342