6 0.64160954296508 0.4237169330750491 0.12030860724629733 0.052884218652449494
5 0.5953657009672694 0.5399354023073104 0.17188573269521476 0.11690485734889687
11 0.8040102880198057 0.5312773547469957 0.07857946552074406 0.07579448997949328
31 0.6745644702197577 0.5561984286446074 0.2391934250029068 0.12239913613930753
47 0.4042954945478353 0.6165389701465316 0.18988013761295605 0.056170875531528816
28 0.7899513287548341 0.7931984733949692 0.11853367594417982 0.18671470629777567
3 0.5596139765406876 0.8251590424012739 0.12170868819509509 0.07692268019091103
39 0.3958842761598346 0.8636445633863986 0.16679802419776285 0.11170471655617521
28 0.8388220048944859 0.8167219950713919 0.12418141682115055 0.2015302317058817
22 0.5285514017173476 0.9066444321458582 0.19734798372336387 0.1022364009396351
1 0.804491826807131 0.872157525608698 0.23636955456442157 0.11499137343525453
27 0.3523005879647396 0.934189955695583 0.16696174083353268 0.07343940233715128
48 0.3472987410290048 0.1163915044155212 0.1988406556852612 0.21001702937768268
33 0.7048417815251228 0.09797139997314308 0.1232724857796627 0.06269582751034888
23 0.8827263969097382 0.08345080602705751 0.08420349785682482 0.13127917576046944
51 0.6994159070609166 0.1295157363369151 0.2772349391798059 0.11832718555800385
53 0.5013904698288134 0.16123112422311803 0.17431328738995086 0.07643192121854153
19 0.8210105388524827 0.3420848710637859 0.1824574654338677 0.17518583776874846
0 0.40523886682542815 0.4154989023147706 0.18915638859766715 0.08482080513516799
50 0.5858773486010891 0.39477246874155497 0.15153489870540723 0.09610429417801022
8 0.42716535267024813 0.4292597720108813 0.1699256193668979 0.08325101119505071
6 0.780950761570272 0.39320326989968635 0.1533787124797343 0.08668513380514029