50 0.3421895026440523 0.6182804532737172 0.16488807386279639 0.13689718538404513
9 0.7777323549429338 0.591547742768802 0.23479541130097806 0.15982307779330432
6 0.5619176554619545 0.618292983832905 0.256178285144195 0.14008124599458627
1 0.8676553416490858 0.8899842617277761 0.20388106668950948 0.18593521090427328
11 0.7067307692307693 0.9447115384615384 0.10576923076923077 0.10576923076923077
5 0.2997691856607683 0.17151104393561195 0.23473946873622295 0.15501538548561214
8 0.5278828287347545 0.1698558108465802 0.13067480206139812 0.08587593228461515
47 0.7368496164251042 0.1737296419205114 0.1520297046222373 0.06373025433205097
53 0.5333355446677598 0.43208535090313294 0.18154716924545375 0.1239462734722218
27 0.6990610728712563 0.4345774609591154 0.30419926565636285 0.13947973943333272
2 0.3403993405718854 0.4644342994275635 0.21025346667971961 0.11445075415085416