9 0.4061737495582672 0.6357667638860574 0.20992724687211373 0.11283290676759296
9 0.7679063002055635 0.7075620443193374 0.17912097969764318 0.07682436970357095
19 0.5936178429317333 0.9215784816093162 0.20679965170297868 0.1412866121287177
27 0.7115384615384616 0.9807692307692307 0.10576923076923077 0.03365384615384615
27 0.5432692307692307 0.9807692307692307 0.08173076923076923 0.03365384615384615
39 0.5609265912954483 0.25953986645513333 0.211071020172042 0.09139451562549238
16 0.397955081165989 0.2377831564256743 0.12581634002838846 0.06529589790670975
47 0.8233195508427684 0.3159803023625163 0.1878963157437491 0.0631861897505526
28 0.7435974335973268 0.4821647993295908 0.12730901199028574 0.17307652634475718
33 0.7973576603625557 0.5336510690286856 0.1747096031337 0.12431262005294987
53 0.592248838493349 0.5096623578321429 0.16808180559257083 0.09267017156792051
22 0.41796999233950277 0.49543610024982926 0.21051098779252306 0.08177913101010777