33 0.5697725053861078 0.5695172978798528 0.16301894234031467 0.1379508000059681
11 0.39757699596222157 0.5584050587255244 0.10895910875165007 0.09998002051679933
27 0.6675212395817639 0.8935217871531276 0.10364775149936524 0.08516449510869305
53 0.29305543893804076 0.8401943778433154 0.1851572226695225 0.15413989511167722
27 0.5727791768984211 0.8952630293478416 0.08922467457628833 0.083987149653605
3 0.45931000992890136 0.8841509885595962 0.15994354292701182 0.11852380653268432
27 0.6338521262220755 0.9310265836578449 0.0873779031127824 0.03110253426898961
0 0.84951156150173 0.21230175637792864 0.19857296970341418 0.1264710867206113
47 0.6773999962352758 0.1987856710697541 0.15628053441168424 0.08226988998247733
1 0.7655638802272317 0.4540597430940639 0.17934220047264524 0.12490129278049403
50 0.6201464551253815 0.43117365265668944 0.19667278849416084 0.14069793940117356
8 0.4411591280271173 0.4086308554606743 0.1596077662972835 0.1089084219172997