19 0.6742821669610972 0.4977945601155804 0.27059610861747363 0.1393731282150751
31 0.3381063137096928 0.60128144427756 0.18355372612436746 0.12269367086916241
48 0.6725661013102453 0.5341465887870448 0.2645183923038857 0.1604190708721466
33 0.3620783347228072 0.8974696594287587 0.15811926034134907 0.13976597343227035
3 0.5354123290866948 0.8652145556925989 0.16318913474564775 0.0994892615444299
22 0.7732722288884448 0.8204498589470047 0.2331424120652245 0.1554643095656098
23 0.39500875430493004 0.16692142888996056 0.07778449535513669 0.11405980419851701
50 0.23571478533849394 0.21372229929228956 0.17862005357801392 0.11989737623028698
53 0.5058376378591755 0.16270280604197807 0.1949430557002924 0.11165556131250504
1 0.636217352050485 0.13998935405569776 0.16318913474564775 0.09948926154442973
9 0.31809244859512076 0.42668368413810676 0.23643834150898285 0.1270106042044853
5 0.696703328635532 0.37284371535925054 0.2179634537101806 0.1398638871874448
47 0.4969849058890254 0.4313938594227905 0.14965814111248316 0.06966198648570253