47 0.3223691318295309 0.4524509112169521 0.14473790736115733 0.07076047759790632
31 0.4825114312500179 0.552795389097207 0.15670447159073125 0.12180127920819463
53 0.6520945460301808 0.5453286645620297 0.1905822396125953 0.12856908484420365
5 0.7781714306126568 0.7681755837001085 0.18896211999681228 0.14525599982624698
1 0.6443990669296873 0.8458675835697936 0.2251317732385136 0.1497599674032896
2 0.4539947105001482 0.8979336157755596 0.22250400521664943 0.14481226700071767
6 0.8727644515450719 0.8325668145562156 0.23508304065592528 0.15753153824434699
28 0.45925320417331955 0.09463858722628923 0.1540833314235622 0.18927717445257847
33 0.6351818171401249 0.07870249452611623 0.22524373417252264 0.15216381355713582
11 0.3846155627643369 0.4174906967026383 0.09012121142674992 0.0819633683387485
51 0.511347643314129 0.39564719075093363 0.24313097219518376 0.12443772447002005
39 0.746670997325858 0.35060639340527655 0.20444551186562712 0.11738990264425143