33 0.40529313658836613 0.6140148549422279 0.1673567042407502 0.12581656624025753
5 0.5630021309522536 0.6015263231788993 0.19164712625653407 0.13146370012227054
8 0.7423457407007563 0.5897932888324596 0.1582554621992943 0.08950704146026894
27 0.8792406516349516 0.8669109793230345 0.16647484257012207 0.1089896431633343
53 0.4992286565403413 0.9184257323664629 0.1908912448245671 0.11704062319919363
6 0.6232838047503826 0.9047619823990852 0.12598739867072092 0.11477413094852743
6 0.7728312980531308 0.8967873383924367 0.10347092161547741 0.09719171045471543
9 0.7252958616007381 0.1728938694550161 0.2466836273176733 0.1285867234355163
3 0.31402875569648564 0.24611191483464984 0.14004275649709855 0.06247712466593658
47 0.4764194621294043 0.23138742523233938 0.14232062241228355 0.06015722266952251
50 0.3784405629185969 0.4679106093750788 0.17431628222496634 0.12126070640486147
11 0.8057684888485213 0.4264462289400376 0.09309965556812581 0.0824328569019103
39 0.5510135650408754 0.4643392040948044 0.18773151723875395 0.10253360211868476