6 0.6286951473497833 0.4038061195074247 0.12604898226732075 0.06300556114059848
5 0.6434687949515718 0.4924407014282046 0.184076964285171 0.08357913373803427
50 0.39812354644966186 0.5582717446528309 0.1529948014479423 0.0924671665298078
11 0.808363032588844 0.5018292706653306 0.09509269730217057 0.07910513239391033
31 0.6803027341370815 0.5360726031701918 0.2524336388601841 0.14524189151196604
47 0.4316454314392522 0.6188144946821577 0.17420982392562961 0.06893225625384612
28 0.7578789098347115 0.7783565085071041 0.1356941595890433 0.20259648848450867
3 0.59142001185745 0.817100812487179 0.12887242132809526 0.08709997281933769
39 0.4563369917522668 0.8623293031051813 0.1994231456034903 0.1367994499643165
1 0.640252202166844 0.8592510404508542 0.23071510489418318 0.13993064794177373
27 0.4241097614819769 0.9448433742998394 0.1721836113880188 0.09051092149818384
2 0.8558999444243887 0.8830896567421467 0.1869843219273313 0.11248123772446607
48 0.24984097589822027 0.12284290478215791 0.23454556693158557 0.2217173673128207
33 0.6133732992001737 0.07710684314545889 0.13351227647301628 0.07759648848450865
23 0.7944860501993228 0.0604522927150905 0.10094937187718364 0.120904585430181
51 0.6115568831160272 0.11081663943958281 0.30519237637272106 0.1392612561365387
53 0.4174747340148812 0.1514062931097753 0.18175703671271065 0.08833087590544884
19 0.7810937056670345 0.31729261822195454 0.2146854083404238 0.18521207388290614
0 0.36922662025182357 0.41826219619588645 0.1866066883110957 0.09084662233985068
8 0.399400575046979 0.4247743579039526 0.16986368381555841 0.09526266366559846
6 0.7554905837885835 0.36598499284193314 0.1556084440552528 0.10454234743931637