10 0.5821169640559749 0.49642399953240945 0.16852096378989706 0.04816536532859645
8 0.4265592298628074 0.6108679734855259 0.1470122149156149 0.0691704776984363
53 0.6754691881284027 0.6373380273862145 0.15186186272675156 0.07652190571881362
19 0.5086614073958182 0.8836438159037718 0.21455765507615882 0.11199431613756708
6 0.6914935667662738 0.912998080678116 0.1328548561810189 0.11442388594499611
39 0.8138565612780352 0.25681441236687114 0.14701221491561475 0.06917047769843623
47 0.6636301618304655 0.2548467098069979 0.1589055791745126 0.047885586210918395
28 0.47464933675239585 0.40797491838670286 0.09225518975411563 0.15890790161794138
5 0.7742987898533341 0.4803849665013548 0.1808758385866831 0.10620739691800168
11 0.6516816582554582 0.47321201352019054 0.07489683030023013 0.067072134315851
16 0.4256781642904752 0.45942566579321825 0.10850872095063206 0.06083982276618563