10 0.8317781880590905 0.3437292990639617 0.14287590534424383 0.07250440179814792
1 0.6626934808901637 0.5186221823382492 0.12941789210710214 0.12653100761267774
16 0.48923284090482777 0.5807446056690893 0.11685319055886449 0.0942294611760682
0 0.8583132273937755 0.4846550523445885 0.20178503246664384 0.1472633631554128
28 0.5548737044146127 0.8241797957654569 0.14273786088781046 0.20210178481851834
39 0.9069532473716885 0.7885617928651014 0.17559448051849266 0.15937303791794832
19 0.7178256480956597 0.849647380409688 0.25989693306587963 0.1763492475896006
23 0.7940603740002172 0.05650210012289957 0.1031853808682585 0.11300420024579914
53 0.6434992114124589 0.10861603646716647 0.18213467032894598 0.12154242731837575
50 0.3476731936797797 0.194685387297579 0.16990564310625117 0.10847165011253526
48 0.4587563580138309 0.42090354708867606 0.2955350324666436 0.15546542536096813