10 0.5792452797214152 0.5148571069463579 0.13865697387182577 0.038430873603686036
9 0.580288897298199 0.6559230377816719 0.17357062241228355 0.06423305848340387
8 0.777341291794253 0.6674553404288098 0.16142541140439176 0.06119931113625162
19 0.6525915918679499 0.932092941758089 0.16014516577921173 0.1282550429666216
6 0.49121894896360463 0.9296618811524069 0.15622955676143163 0.09928290888180687
50 0.35635160387089776 0.9274146800950743 0.1399065546391532 0.10801643182656306
31 0.47265372699487035 0.22604318181704636 0.1768563302367577 0.0811859617989879
39 0.8195685653903255 0.252660787842045 0.1544658334201756 0.06562906272796057
53 0.6068281807749409 0.24151153672053266 0.14004275649709855 0.06487318129599359
28 0.7047968583664641 0.4418921859218231 0.09485315729009777 0.16318913474564775
11 0.7840080228240104 0.49425243711322564 0.07539087082057486 0.06627940715983463
16 0.4144507271346504 0.4857317781710457 0.11334848832746854 0.058679706363028626