1 0.42240140197329035 0.5795121046736337 0.1961101025804189 0.12245798156489393
9 0.754872568121752 0.6230495888213938 0.2225244389903491 0.12036181951720146
53 0.5566951168413324 0.6087227272560104 0.1646643036037757 0.10526743181706194
39 0.4551444973192362 0.8647874431400671 0.15720102360083865 0.08354890258531383
5 0.32746093834161394 0.8873434267125153 0.18895450668363567 0.1271817600254535
48 0.41169934767174926 0.15625336826125616 0.27814855591734183 0.1498513128580402
27 0.8398908050972043 0.23816931908873598 0.14968180103314666 0.05702268104587321
47 0.609303387663428 0.21985907598048568 0.1399265600058738 0.04489156514713203
23 0.36686288302405834 0.39374464005041726 0.07580590975860073 0.11144403283062888
50 0.5958987363511915 0.4420889744405557 0.15256115898741207 0.09791603694363538
0 0.7374599322455274 0.46657581856237296 0.16212060103804157 0.09322022976545355
8 0.41925800096706567 0.4364273159550323 0.1354265518043352 0.07127793027468449