31 0.37671652866896416 0.5838083778746133 0.2213237064527778 0.11439521852997062
48 0.6554228071644237 0.5729314847696295 0.28382370645277777 0.11548616008798426
33 0.32115434606340887 0.8829762425095501 0.15423981470619672 0.12283574300595582
3 0.4881377285452999 0.8764543025756292 0.14350542728525648 0.07459098276626172
22 0.7162233624592956 0.8604489391905794 0.2190877107197649 0.12156479770081646
23 0.4152259777583869 0.1719114997530644 0.06747755260662394 0.11170982392562948
50 0.25931167860005355 0.18906193057117535 0.15597225917670945 0.094031548450495
53 0.527256599543483 0.18077770042815544 0.17989882043461536 0.08964344904973104
1 0.670313420767468 0.1794830457088551 0.15071696574679494 0.07471686063834013
8 0.6709049169965815 0.4115381181363947 0.09296870791420932 0.07130599150786611
47 0.5154382189604705 0.4479193181852748 0.15966094867884614 0.04603854395495756