8 0.5685096153846154 0.6024617385810314 0.13701923076923078 0.07531638533467412
16 0.734375 0.639958300463349 0.11778846153846154 0.080012196299848
9 0.38221153846153844 0.5879205890866781 0.19951923076923078 0.10452615354401282
5 0.4699519230769231 0.8374101304614381 0.18509615384615385 0.13809608869097026
9 0.6526442307692307 0.9072607192459751 0.3004807692307692 0.17242122289992642
39 0.3173076923076923 0.8647404963099853 0.1466346153846154 0.10421847985208725
31 0.44350961538461536 0.18612165961509314 0.16346153846153846 0.09950868371909845
6 0.8317307692307693 0.2776130550130035 0.23317307692307693 0.07347194589341989
10 0.5637019230769231 0.24191278583973788 0.13221153846153846 0.0416345688451984
28 0.44350961538461536 0.39405435192278543 0.125 0.18341953641867711
53 0.7536057692307693 0.4932118037362152 0.1778846153846154 0.10199644087983345