39 0.5844994586619471 0.6372895374761711 0.21367838536379594 0.12382684861385612
3 0.3493691914294761 0.5953838605688829 0.15063291458478917 0.09221323425067127
6 0.7573395223478822 0.6915780595158746 0.20393712287633292 0.11655936948105851
28 0.7093912069118518 0.9058210483162005 0.14969764360519214 0.1763338644674716
33 0.5747758222964673 0.906604217713829 0.17340043081811082 0.1572429469148505
1 0.4386857792146561 0.891769379695365 0.22388120004888018 0.1575366354389614
27 0.2903876885554965 0.8661871598236672 0.16555950299617997 0.1211432991037137
19 0.4795280781704291 0.20155785984959337 0.27613642607310307 0.12178661682319447
48 0.4474984777692485 0.4325368681360461 0.26689867507395404 0.14336529153655064
53 0.5878656387329142 0.4858122668643264 0.20866089660263945 0.11177964750899551
22 0.7749609421791548 0.5304014932817565 0.20853501873056118 0.10456810904745704