31 0.7621540347892346 0.6709648345277712 0.1598845825784609 0.11872003077519885
1 0.6093000194021717 0.6765334412819358 0.19093878360181768 0.10444402285096671
27 0.6722030768007049 0.9571699925664738 0.06303145436517464 0.05077490722845823
27 0.7728365384615384 0.9651442307692307 0.10336538461538461 0.06490384615384616
0 0.5637019230769231 0.9459134615384616 0.11778846153846154 0.10336538461538461
48 0.36658653846153844 0.9254807692307693 0.2956730769230769 0.14423076923076922
0 0.7043269230769231 0.9807692307692307 0.10096153846153846 0.03365384615384615
33 0.7935612451035675 0.2464406088877403 0.15504891898839082 0.11592373613632348
6 0.647862825613288 0.25740558067714125 0.17604019487832134 0.062401292780493965
3 0.3210516338197215 0.22110369907976152 0.14476222359594373 0.05744653147395709
47 0.495232580485246 0.24374341820053663 0.13743880000489492 0.047242474131028445
9 0.3747309045561566 0.46730150724039476 0.29922374565440496 0.12288949837951134
8 0.6641426245532197 0.5125811438480278 0.11373599385496455 0.07412638555203553