31 0.8400160564963883 0.6828122203102396 0.17375531653567222 0.1315241585144886
1 0.686449804985257 0.6762634841739159 0.19941389768991705 0.11685570210522656
27 0.7464242342643115 0.9613398569029521 0.06965887192188146 0.05597504802117989
27 0.8473557692307693 0.96875 0.11298076923076923 0.057692307692307696
0 0.6370192307692307 0.9423076923076923 0.12980769230769232 0.11057692307692307
48 0.4387019230769231 0.9122596153846154 0.31490384615384615 0.17067307692307693
0 0.7776442307692307 0.9819711538461539 0.10817307692307693 0.03125
33 0.877891278869101 0.2620408328998224 0.16391601005226983 0.12593156923673746
6 0.7294126220006846 0.2618941606331436 0.18079559966884992 0.07702059394608557
3 0.3997201689245583 0.201455705376045 0.14920971686682258 0.06725814033185638
47 0.5749506830174812 0.2361146552660509 0.1439541808230942 0.057250307231442414
9 0.45211752974287117 0.4523876713449483 0.3107745473049031 0.1427089403378246
8 0.7436843271594858 0.5168980771833506 0.12114728955873187 0.08173037249860335