19 0.6403082297770296 0.5049096245672001 0.294558093873718 0.17050570236849438
31 0.2995745126567837 0.6197535276974893 0.1809059229596155 0.13705593495136162
48 0.6378754036139953 0.5577452653393583 0.2874025055524575 0.17261570084759725
3 0.5146297935203518 0.8907840871588495 0.16111565232606845 0.11223387961358437
33 0.3428936639319971 0.9295027691130004 0.1497118730998933 0.13818644118131992
22 0.7515495199639416 0.8426908035081577 0.2370336366022436 0.17536645943208604
23 0.3280380599724358 0.17217083919204004 0.09190766512703 0.13102796747568074
50 0.17782464548814086 0.21657875647811348 0.19292515372884628 0.13754568107593373
53 0.4472522451489315 0.1674039412099206 0.19756499561570515 0.13053004106422422
1 0.5862846760291132 0.13818025241173218 0.17777472498215824 0.10570798572644705
9 0.2701728771640488 0.4356899308563794 0.24860526624925233 0.15662543632588907
5 0.6599606349379805 0.3842010383723705 0.241561578208547 0.16354312711268426
47 0.4504333636323714 0.44423804580188614 0.14104563099113251 0.07539259350657637