27 0.72435691007313 0.6068095857433279 0.1146033232988247 0.07299894309425539
0 0.5198061864350957 0.6104796641080542 0.17067508680117527 0.1082615191747503
5 0.5101298269841873 0.8711920546312325 0.18308596855235054 0.12543816614877093
8 0.7500108911063028 0.8998211479577989 0.09576420504999998 0.08926630793582237
3 0.3601122379908646 0.9089227859995307 0.14618902414049154 0.08833130214978596
50 0.7609531632868053 0.2229985660912676 0.15049316518568373 0.06683657632400958
16 0.5792110030401708 0.22853504293740234 0.1670403375612179 0.05530695901071535
10 0.355009884119284 0.24967440922061873 0.12058395867425221 0.02032416204789856
51 0.36344730097168765 0.4555879516612722 0.13657363952510693 0.08805152303210785
39 0.6050338394332261 0.4626174019929329 0.16055615092329065 0.08634712467245692
9 0.7875582967047005 0.47514474369035403 0.21293721504540605 0.06625129443507073