1 0.5151926167541679 0.6008258923762206 0.19406998251679125 0.10319924105174695
28 0.6276875006186065 0.8496807539293668 0.12089344904973104 0.17925520822111807
11 0.3023020210979952 0.8651214143979703 0.08311542582363263 0.08027794667776188
23 0.3195904963725394 0.8917595210669211 0.07421334915002611 0.12103144616363601
8 0.5716525849086656 0.9439613662292273 0.15328851648279226 0.10753142155902012
53 0.7875141008975866 0.23027248420894614 0.21789864760178873 0.09145972310629237
3 0.5347955600635441 0.20930665340545124 0.1475996790705505 0.05699470976349559
31 0.5582012787182501 0.44871311597216434 0.17534272477433588 0.1318216246388801
50 0.3704075636834003 0.429704432869788 0.16037417707225218 0.10040379694461439
51 0.7979294418049492 0.4827462585687364 0.13612591908032648 0.08810485335160756
51 0.6835789123344855 0.47180223804041543 0.09256297327624588 0.07077444719188747