31 0.4140018158654025 0.5883348956616457 0.1734194337336453 0.1144934328963677
6 0.8021406559747235 0.6213813297848296 0.1863870185146051 0.08357913373803427
47 0.5883103092164247 0.6188056134539536 0.13204691098787258 0.05109823065192332
50 0.5268608605290722 0.8719068264831734 0.1782271260413376 0.11460533317692304
27 0.37145056753413985 0.8862989135189638 0.13143443977817063 0.08950381897318384
2 0.7947514124790808 0.9009538305155455 0.2234523592283783 0.10605300122681663
19 0.3974282837047212 0.18093892272500034 0.2672221002733022 0.06625066927670961
28 0.6081962744145101 0.37554258066218 0.1223261932931741 0.15172406827179494
48 0.4207555688088621 0.42400713496485076 0.25403059362432445 0.09235727612735066
53 0.5778452758139297 0.4456727402367526 0.20505798307532921 0.07200750409102583
22 0.7750726213633233 0.4526644978933767 0.20723790736115733 0.06725576192361132