10 0.7995420653437744 0.4161925659306324 0.13372253329531603 0.0471161936373038
1 0.6147206193039803 0.551246116694788 0.11642247968548466 0.10184509694040923
16 0.44196420565094335 0.5814875530386675 0.1082036113347613 0.07278910875599696
0 0.801968786831684 0.5530019623616047 0.18630190646188757 0.10868118785126726
28 0.4622900275177405 0.824638600301018 0.12142859471972564 0.17643427248905943
39 0.7963254315390815 0.8521409189566118 0.15812730587519042 0.1270726197290024
19 0.6105157523547551 0.8779593592796064 0.2399420192633916 0.13185458838311184
23 0.8157089237776721 0.12515231936669907 0.08816393494135556 0.11783268266429822
53 0.6644192371943866 0.1595719450034953 0.16871948596807557 0.08655695901071535
50 0.3740002782390362 0.1896349063081616 0.1587683247229626 0.07666179527765274
48 0.4402090374224905 0.425447387376926 0.27722833952088083 0.09931985869997789