19 0.7735911819394604 0.5608439616302502 0.33631649850064266 0.14056256982725246
33 0.731008196174484 0.6669457612741604 0.1678794305686406 0.12310991983123724
2 0.37832024350236204 0.6204954075187634 0.1503811588406321 0.08386465483163565
47 0.5848770922781825 0.6889622981457647 0.18669060689248135 0.0999671457648476
53 0.35695500998388685 0.9101292218600487 0.1826381818172601 0.14301245466606033
9 0.7163461538461539 0.9543269230769231 0.23557692307692307 0.08653846153846154
8 0.5324519230769231 0.9471153846153846 0.12740384615384615 0.10096153846153846
5 0.853089295702518 0.29913759432056564 0.1965577472520229 0.11483806642396067
48 0.6950919018465882 0.26055415314297536 0.33644237637272095 0.14777410828879106
3 0.44576933378985084 0.21891811954996582 0.1624003896098629 0.08442445950168075
50 0.5451899213255603 0.4793501918279371 0.17989866133787125 0.12366972450128234
31 0.3921260976494013 0.44820221097990337 0.19440565684233382 0.12914918241302864