33 0.43152340828964647 0.5978847250998748 0.17226744001860056 0.14695980550569432
27 0.7770347570141217 0.6258704865615512 0.12114333129314649 0.08873117397475766
5 0.5167505878176166 0.8936052191047319 0.2060331713019572 0.1585353034493955
8 0.7660661334646792 0.9235855351308297 0.11127620513636316 0.06653652621062306
3 0.34867715602502913 0.9202327088232387 0.16220451488517432 0.10793823466463692
23 0.43495798156489396 0.16951008138318027 0.07580590975860073 0.11491717401819591
16 0.5231039497747538 0.19925555515083798 0.12818704206041923 0.07472812133632001
19 0.7963740431131452 0.2206242517665997 0.258162562062377 0.09671163538290437
51 0.40921664006265446 0.43801710159866053 0.16469227488615318 0.11528978122105499
39 0.6668757190422346 0.46149777390806385 0.17665556309062871 0.1111821293877615
9 0.8487856728932832 0.4869848550523337 0.22685661949762176 0.09008383784177508