47 0.5620855835915127 0.6575710025035512 0.12086863962581654 0.059057647079012114
28 0.6034895351959872 0.8574579523694812 0.10511436422615142 0.15888536339260012
23 0.2698686566843411 0.8725246025111647 0.06385266386701743 0.10879275649709869
2 0.5504807692307693 0.9507211538461539 0.28846153846153844 0.09375
39 0.30288461538461536 0.9435096153846154 0.1875 0.10817307692307693
5 0.49777284632759916 0.20933712816914232 0.20922720639771505 0.09484293567081373
0 0.629214340267299 0.2294871951416598 0.297889497900263 0.09469651219358419
53 0.7969935427044506 0.2467192733864023 0.1115332712001914 0.06336141843205977
50 0.3674773688382885 0.4592996920980222 0.14700722258747453 0.09637514177331592
27 0.6898846239138776 0.4918690341979478 0.21461863962581654 0.06397087638679722
6 0.5263530814048993 0.48450430104591224 0.21333485823100856 0.08307566537890529