27 0.6967116743648499 0.6494391808143086 0.12220651274230768 0.08863642607310304
0 0.49568379968621745 0.6074530619345725 0.18325381897318385 0.1305507929558084
5 0.4284829829638348 0.8599888692526745 0.19806854687820527 0.14762947177688857
8 0.6562878612373922 0.9397171353599938 0.10811913666089733 0.1028077472520229
3 0.2744689786968476 0.8645150131098718 0.15630796001837616 0.10845462537357192
50 0.8194827132051814 0.2824418625068335 0.15580440875587614 0.08682000998895653
16 0.641123526567254 0.24806589535021764 0.17246348141196569 0.0799021865622679
10 0.41809736059220065 0.22132714285424593 0.1210315597964744 0.03815565684233381
51 0.37974370265502105 0.4226627897076232 0.14663662526271373 0.10588294205695448
39 0.6140337725055551 0.4820632617339822 0.17073103694145295 0.10870638111772898
9 0.7883955389307687 0.5332032130314819 0.21847225917670945 0.09512249000850864