3 0.5084134615384616 0.5032355253066199 0.15384615384615385 0.07899569665207934
6 0.6742788461538461 0.5344670278343661 0.12740384615384615 0.06380322715538775
5 0.6225961538461539 0.638134302130347 0.20432692307692307 0.12854146009681217
11 0.8076923076923077 0.6868350925765833 0.10817307692307693 0.09208982276618563
9 0.4567307692307692 0.6513739534487547 0.3389423076923077 0.182939136975074
22 0.7475961538461539 0.7102183274466864 0.2692307692307692 0.11360304606421569
28 0.75 0.9144753057441901 0.125 0.12623328237596845
39 0.3641826923076923 0.9004610582256366 0.17548076923076922 0.10847135351300871
28 0.8040865384615384 0.9249207789764817 0.1466346153846154 0.10282432385228245
51 0.5192307692307693 0.9320073122607705 0.16346153846153846 0.10571778346206501
2 0.4951923076923077 0.9723702215934272 0.1346153846153846 0.025551523032107983
48 0.44711538461538464 0.1348268094895097 0.23798076923076922 0.24730914854714678
23 0.9591346153846154 0.2617554945500773 0.07692307692307693 0.153680540633732
33 0.7848557692307693 0.23798033721183787 0.1658653846153846 0.12742234362610003
53 0.5925480769230769 0.22674899648847552 0.21634615384615385 0.11687195322467894
19 0.8665865384615384 0.5096406762500361 0.21153846153846154 0.20807821751199368
50 0.6262019230769231 0.48057746188429473 0.13942307692307693 0.10501833566786992
0 0.4495192307692308 0.4616799416331671 0.19471153846153846 0.11383860405605727
6 0.8149038461538461 0.5411925659306325 0.1658653846153846 0.10578772824148458