33 0.4584440672793055 0.615037452037255 0.17322193605772376 0.14770301409716902
27 0.7806968057978699 0.5614660671367405 0.12081045120601666 0.09065172525263367
5 0.6327878117953307 0.8636180604385305 0.20729550299873048 0.16089746307044914
8 0.8749047200743356 0.8528656511084021 0.1092109412239462 0.10225123523470413
3 0.48854560489752974 0.9270070822197886 0.1576236409305976 0.11354550299873048
23 0.3199710300114556 0.22485504815847884 0.0807005640075207 0.1108592899609037
16 0.41024117701683455 0.23160872329295132 0.12511447856911645 0.07639653664442098
19 0.6644879650953761 0.19006800682869923 0.24863401814702313 0.10711999636576504
51 0.3863095859192682 0.47446586178300276 0.1649191235495683 0.11620118162487277
39 0.626301185389597 0.4372291726818505 0.17436661985008875 0.11172926594690881
9 0.7996986178904062 0.41807473948029206 0.217132185674727 0.09881718385760944