3 0.6278949297376628 0.5194216347784961 0.16133739566398803 0.053701181624872765
9 0.776549600516367 0.6652092004605694 0.20972199243283668 0.10826468015812989
31 0.36907669968772167 0.6473748965450616 0.18572548639781977 0.11463677704534748
6 0.5578345634359039 0.663579897518865 0.2384422797686576 0.08763739466269954
1 0.7992788461538461 0.9423076923076923 0.18028846153846154 0.11057692307692307
11 0.6394230769230769 0.96875 0.10096153846153846 0.057692307692307696
50 0.3605707318481651 0.218078497689943 0.1447761907755463 0.09878664944592522
8 0.6034431043935155 0.24097993451366057 0.10849473578281728 0.05906594862290545
47 0.8018932711800637 0.27074186596334615 0.13236537530750125 0.031059236351072404
53 0.5639972143113327 0.4835432684526998 0.15912934185954916 0.08727108362128697
27 0.7467944107622514 0.5079518705713844 0.21429193688767775 0.06756718385760944
2 0.3826047258706516 0.49403240764350037 0.204676552272293 0.0672314072278811