31 0.39352033814775594 0.627049506308714 0.15105266658846153 0.09696024601081167
8 0.5880080760481833 0.6502804480573302 0.14602117371965811 0.08700867479954483
51 0.7765701237744119 0.6694853873303243 0.18023452127628195 0.11340044250918223
48 0.7315074736991446 0.8986830017604496 0.22769800268824816 0.19351729209314045
2 0.5144230769230769 0.9326923076923077 0.27403846153846156 0.12980769230769232
11 0.37751172667820493 0.2286499112957167 0.10509983896399569 0.0817472425806994
39 0.49278444178226477 0.2415260819045833 0.19398619651602572 0.08556284845067506
1 0.790581614157799 0.2743888816185143 0.16743198854316269 0.07890612986563031
47 0.662870042232425 0.27870109067378823 0.1690525327331198 0.045420377009725336
23 0.8153424028246258 0.50365350938124 0.07726078764284185 0.12299935377463647
53 0.6456474484173607 0.5014183164917749 0.22590759819935913 0.11659421517006366