10 0.6354258245497889 0.49660496712270247 0.12827548620519025 0.06540940729444464
50 0.5010198535309645 0.5873666593130872 0.1734344205543382 0.10247420212713693
39 0.4600965896058914 0.6123282981661321 0.23706824270228866 0.12556352115897448
9 0.6688634858938075 0.6602893012063029 0.24086809310069165 0.10644465220876088
19 0.6329250026115087 0.9108208275389418 0.2598366802348545 0.14770168780608975
47 0.30580273371115585 0.8764186890646898 0.15432963156223012 0.10443044715876063
5 0.6719890982157515 0.21124564662943318 0.22049328010268765 0.12997956248472242
16 0.521554632432733 0.19553973623616405 0.1362429060986954 0.08000033463835485
28 0.36522464948085065 0.4068574120306621 0.14977389973186014 0.10912623918589759
31 0.7696002783298597 0.5018852208056083 0.18102389973185987 0.10985359100950867
8 0.510667563407827 0.44908955532665557 0.09968129283635846 0.06954569791880352