8 0.5720784800837024 0.6067261051487232 0.09198949334083882 0.05688291458478918
16 0.7547428164936326 0.6011333529022219 0.11854368616265713 0.06695985139779491
10 0.3656274236767093 0.6343730656867682 0.1304510318023773 0.05755426323587433
23 0.5618082965283862 0.8605626504783032 0.07345800616950982 0.11664339410540017
9 0.40494377038139284 0.9137917532494527 0.20804541950251682 0.1165892682303526
1 0.7391902708955187 0.9175747964585338 0.17917129437398535 0.11368191058819258
28 0.7828024061719573 0.11977669206329154 0.12008210669342553 0.1991713898593333
11 0.36050867900160716 0.1944692195329221 0.10658039795818133 0.07155774725202303
39 0.5540043087450337 0.18988957355522612 0.1906870420604191 0.07062247627242599
31 0.5772621005728643 0.43232138112279866 0.16449647590950997 0.09179553945942012
53 0.40552695698475244 0.44734070117656677 0.21743703385888047 0.09752633616235479