53 0.7930527272690402 0.488242718175879 0.16796334915002611 0.1308214445012357
48 0.46919876185871734 0.6160870319873912 0.2887850462027263 0.17458140985887574
5 0.8251236632063647 0.7400769646051603 0.1828060189800314 0.1557841788056907
2 0.5282574762673562 0.8974767783456841 0.21869587412495242 0.1484794761052906
6 0.9026442307692307 0.7920673076923077 0.18990384615384615 0.18028846153846154
8 0.3359686575907451 0.2215301879206057 0.17475529470463635 0.10724511934577095
9 0.7140140596893385 0.09622946662123222 0.23805252122780018 0.15692337825482072
23 0.3651741951766022 0.44707617211857814 0.08859446678241029 0.1233340981344239
31 0.7339398869853537 0.34162240189396975 0.22843713661241558 0.1563071964108248
51 0.5690605457012506 0.40874192331828235 0.25268539460434114 0.16986688179004533
11 0.7846514323149335 0.35160860105914554 0.09762242132809526 0.09029643382457363
47 0.3635885551912663 0.4941052175795771 0.14793535339609307 0.08391600389016701