1 0.43629183052878395 0.6012987851993924 0.1879889067568488 0.1332604260476481
9 0.7619074175161628 0.5430766438404213 0.23436202415432453 0.14554537500536022
53 0.5716072556185674 0.5900627238277902 0.18021733591579123 0.12360308592881927
11 0.3432074297670781 0.6512551106371068 0.1086856922208158 0.09194751606219007
39 0.4742774380791491 0.878055759167533 0.25658038045934906 0.11443522668350808
33 0.8090765311268282 0.8066614120497598 0.17312209700824227 0.1668163760267909
50 0.4326923076923077 0.9326923076923077 0.22115384615384615 0.12980769230769232
8 0.4807359111083564 0.1891580437412028 0.09809025094127276 0.07506465231400784
27 0.7442133726033797 0.1450023575260313 0.1482910039822825 0.07055064853042624
47 0.3028168544876363 0.2506441190746301 0.15309869628997483 0.07057861886605589
23 0.7272949800885875 0.352907079498094 0.09213878533365233 0.09665731219517887
48 0.3977473121741302 0.45799722827315775 0.28285897151588696 0.15303661682319442
19 0.7619525914474821 0.37715531855377754 0.228994299467113 0.1359020200543459
51 0.5963327817857523 0.4339036274185864 0.12509259101309966 0.08483387377535524