8 0.5724887223151283 0.6508892178988062 0.16468181362952697 0.09550490576157572
16 0.7885675608644884 0.6236959304458716 0.16507361052918468 0.10512029037696034
28 0.4090986007005545 0.6754296959921665 0.1273956658669619 0.12278387200909845
51 0.8665865384615384 0.9158653846153846 0.23317307692307693 0.16346153846153846
39 0.7019230769230769 0.9471153846153846 0.16826923076923078 0.10096153846153846
0 0.46634615384615385 0.9771634615384616 0.12980769230769232 0.040865384615384616
5 0.3936756879199711 0.23802764521708097 0.1998048981570898 0.13293388721807028
53 0.6438491441352924 0.22302295460525626 0.18150873670645004 0.09619055033597686
3 0.777582985726447 0.20687349581585 0.19323411980093752 0.08946875799901068
48 0.5893544482003276 0.4463888386065618 0.33137567651324207 0.18149237613268127
22 0.7787420158516518 0.47090477583926915 0.31430797051747505 0.11600083462934854