8 0.5132026946462397 0.6047915943932242 0.10399796443388627 0.07745691150485015
39 0.8506043471178659 0.5275867157976714 0.2137382289555943 0.11906596504026655
47 0.6698710239238471 0.5809794421104771 0.1573723259430738 0.09101492742131011
16 0.5464932677956745 0.8902197836861411 0.13151771360025294 0.10466861177077263
9 0.9026359433734977 0.8004361160860013 0.18758976893803017 0.1255081109281902
6 0.7068653155289655 0.8687065603881107 0.1368151520325174 0.11682773209884226
5 0.5498542710730063 0.17533322147166983 0.22394130892046576 0.13376882108102145
19 0.37262876788484245 0.22621718446150021 0.24498822895559444 0.1199752471727202
31 0.7466043911666828 0.13110123870802187 0.18940591974238977 0.11115497878453298
53 0.44963343345906515 0.4622394998685232 0.15766617361781735 0.09822646588284857
11 0.7807805974837899 0.37919986783690374 0.10179001672986925 0.08219465903312304