6 0.6132638503158016 0.4233446145097218 0.1113321477011184 0.06747755260662394
5 0.6430190708392275 0.5007982128263884 0.17162410052391572 0.08570322919049153
50 0.41792464213139485 0.5805767567817305 0.17419577437202732 0.10018225625384639
11 0.7896816575062205 0.49978910042328994 0.08500172513832119 0.07647748567895309
31 0.6723407364858006 0.5409921957584396 0.2300156902756635 0.1471421864033122
47 0.4449963036771988 0.6340478437002133 0.17405591796013936 0.08816302548461562
3 0.6082916985750997 0.8226068766092944 0.13095451488517418 0.10157899988269256
39 0.48257927293978475 0.8676115666661854 0.16734786258139778 0.13126440583301283
22 0.8572576031924423 0.831239114013621 0.19370625642657274 0.12466831891453012
27 0.4605539016671969 0.937854631460363 0.1790314379620974 0.10269800268824816
48 0.2437263415634254 0.1782712416713139 0.2237551754149637 0.22870510521324802
33 0.5844291559148943 0.11503786021340764 0.12829892718992958 0.07988843435779923
23 0.7523067887308386 0.07746750424011689 0.09288457437692224 0.1343376437920941
51 0.5919623641237752 0.14251424056180506 0.2684212861724467 0.14322969634006436
53 0.40620972720706167 0.19372537643333299 0.17900346667971961 0.10029415653440187
19 0.7623853836360819 0.32369388458851434 0.2113163754100689 0.19236766220416682
0 0.3731169908313957 0.44937232084519196 0.1764597641139855 0.0882189756248933
8 0.40443691903733975 0.45465458440619627 0.15966081231944004 0.09023117079679494
6 0.7293888626181094 0.38096757116778784 0.14775346667971961 0.09956680471079078