6 0.5945209831094812 0.42788461538461536 0.12194092717779544 0.06009615384615385
5 0.5730298703743693 0.546875 0.20549026067347198 0.12259615384615384
11 0.7146819315027435 0.5528846153846154 0.09612812250026355 0.08173076923076923
28 0.7898378914680789 0.7788461538461539 0.14487876971779856 0.1875
28 0.8411009150992542 0.7932692307692307 0.14014102218952582 0.18990384615384615
1 0.6478839406591083 0.8245192307692307 0.23228229226287722 0.1346153846153846
51 0.3835215597793239 0.9050480769230769 0.1967142134111213 0.15144230769230768
48 0.26111356172744166 0.15504807692307693 0.27029843839431567 0.20192307692307693
33 0.6017823783423187 0.13701923076923078 0.17162658018136712 0.11538461538461539
19 0.7602557269021536 0.34975961538461536 0.20497492356395242 0.1875
23 0.2937254623713242 0.4387019230769231 0.08791163347326886 0.12980769230769232
50 0.5339223539805994 0.40384615384615385 0.13988696672543072 0.0985576923076923
53 0.4008015333866073 0.43509615384615385 0.16371559392563356 0.09134615384615384
6 0.7168244960111655 0.39663461538461536 0.1565040554640951 0.09134615384615384