11 0.5538157111433889 0.6521256402940151 0.0990918916639692 0.09142071816387826
39 0.3854472690108839 0.6022064213304302 0.17710624263366326 0.12849960038728872
8 0.7442804615263859 0.716905386229088 0.12287852073013447 0.08603070539715564
16 0.32302743457890526 0.8743860750152137 0.13308151444754357 0.10358623875200507
9 0.7007211538461539 0.9603365384615384 0.18509615384615385 0.07451923076923077
6 0.4831730769230769 0.9350961538461539 0.14903846153846154 0.125
5 0.6550977080794139 0.25702280978297687 0.21855923635107233 0.14842311714539866
19 0.46020301409716907 0.20269606640124851 0.24938951556391203 0.13877186977942838
51 0.8612714026198429 0.32539039357352617 0.24964134803620816 0.1459834082409669
53 0.43274959792626555 0.4463580086282557 0.16690324891625388 0.11094406703243943
0 0.6210203625489965 0.5169652173784623 0.19848902554598225 0.12292743505108451