3 0.6380838508923736 0.4688784646374575 0.1587683247229626 0.07848208423482379
9 0.7981952821342495 0.5858220873338198 0.22319904034390048 0.136317225621061
31 0.4066087538625911 0.645479568294004 0.16310288649774676 0.13386849499819975
6 0.6038767595869977 0.6235123024263692 0.24201008878750926 0.12508158865114566
1 0.8869239508435663 0.8582851809867658 0.19527627222949973 0.1615841426143953
11 0.7461615969403865 0.9173610482582023 0.10655526259780392 0.09555797051747507
50 0.3203487787199001 0.23749301462349368 0.17470239647981708 0.12233901035354126
8 0.5511866864407208 0.21449319175081485 0.11292735948502151 0.07181335665375695
47 0.7451427274853704 0.20079246358426983 0.12435898115222753 0.05547617970140614
53 0.5714744167170119 0.4517617840292333 0.1766865218465027 0.11041772880922493
5 0.39468107537901365 0.47576354138556415 0.17487028479468128 0.12714670266123343
27 0.7510913249960169 0.43987720666704766 0.20933303811116405 0.08294286411187334