33 0.4587651710748225 0.6116023936694308 0.16050005494433073 0.11038558621091846
53 0.6174819561647079 0.6198245183418878 0.1554406068924815 0.09582261972900241
11 0.7618386032675557 0.6312327435685966 0.08294758866086127 0.07208966096180201
5 0.7019549756436803 0.8481292069139796 0.1605000549443306 0.11038558621091846
1 0.5730703877312302 0.8972368042099416 0.18209271103825322 0.10861124307184784
2 0.3881840303385405 0.9038702869638702 0.19166613636294508 0.10648717603567967
6 0.780136831287542 0.9224828244707886 0.2256136975516408 0.12429332602447583
28 0.5133138854885312 0.1578921117804919 0.11380778846027112 0.18831361369945127
3 0.7343567501234679 0.226792059097377 0.15945107267700984 0.05028943236476455
51 0.5125282017951732 0.4569960959857893 0.21773081043901718 0.08562195322467894
39 0.737266837534442 0.4623340097845903 0.17197381493455474 0.07948531010801588