19 0.6919877371737735 0.5555171316230069 0.2849570733092339 0.13231308316490734
48 0.672709133726503 0.5955372471323575 0.2855865763240097 0.15394769854952273
47 0.3310960625894626 0.5509937175346238 0.14625916783393494 0.07222909590310832
33 0.2601625130428807 0.8408399125890256 0.15267559006827602 0.12760147602295563
3 0.43432358020080614 0.8750784590437573 0.1853502093102491 0.09453505993880885
23 0.5282001759139223 0.13388172078280908 0.08042031589405241 0.12153500499447827
50 0.3618102054528914 0.11874806568676823 0.19319125078656307 0.11629555319550287
53 0.6446339629898303 0.16792536713724548 0.19064751507387795 0.11144590159711772
1 0.7789567066607455 0.1968466265037934 0.16124180299236784 0.09171162087803449
31 0.4853783600295894 0.3979840197335124 0.1644150417198288 0.11819588786103506
5 0.7609905791049899 0.4472871990560681 0.24217745599593982 0.1483847390093595
11 0.5911347289720287 0.4370241752037588 0.10100575958737515 0.08585494630302157