9 0.7859820803841004 0.5784826270761806 0.21515496346444524 0.11432566537890529
6 0.5826470682417807 0.5855221880122792 0.22859798372336387 0.09825462373394919
1 0.8176380072478338 0.8529041401402677 0.1836012387337958 0.1486196343453416
11 0.6654719505402371 0.8898130292607357 0.09087871247973457 0.07905451936103265
8 0.6148341941250806 0.18599002713845716 0.10418172464377307 0.060579631562230125
3 0.7833715868136257 0.20247478516689138 0.12936395948216273 0.0403307988028874
23 0.7244406716578294 0.3912243659342188 0.07447181368745057 0.08538419615194269
5 0.42841757449755313 0.40071031990492567 0.16215404852584023 0.06841084959779008
53 0.5886815137425165 0.4200398549225201 0.1533787124797343 0.08233000556622248
51 0.7436477323477086 0.4312078888789753 0.2646556760310562 0.1001443273138665
39 0.4643815542169154 0.43861005810213105 0.26127177321305173 0.08319142399828226