6 0.3287669402579257 0.4201211525408126 0.19633828593201677 0.10336320452421624
33 0.469941803145928 0.5502159775243599 0.14960489406320165 0.12800317262393135
5 0.688214312212716 0.5670303700420954 0.19561385378830592 0.13921058754458654
27 0.6235441515599783 0.8503981735656707 0.06473921868018014 0.05354496454729339
0 0.5120452077411547 0.8541679400415253 0.12567839345874915 0.12830392590455814
53 0.3114096815591814 0.8441896894073369 0.19963781955793494 0.12280428304230749
27 0.7089630037583498 0.8668655007605428 0.10270024686602579 0.09756498847250693
0 0.6480831233741328 0.8889501560205141 0.10454428834982685 0.08575606699059818
9 0.7986761385772346 0.17431807786481635 0.23373950944781705 0.135363997680199
3 0.3833442253620667 0.17354712383055632 0.14211013933929315 0.06989024635697974
47 0.5382506941539585 0.18872317400078453 0.14920971686682258 0.06811732806509944
50 0.36725812591664025 0.390419050895015 0.13635409301987195 0.1005093184950141
8 0.5015079805328218 0.412190422315172 0.11874344340488573 0.08221023040683743
11 0.7746770878690398 0.4325811627629645 0.09252505758059607 0.08470452055398849