10 0.4041292349311861 0.45841271961775204 0.2674422912892304 0.0668684218760037
51 0.7820793631567097 0.6283690115836076 0.2008338810409782 0.12343712903964524
31 0.5981571611051012 0.6163276771721831 0.1741678030896497 0.10282057718360321
8 0.408183386745311 0.6003656229333363 0.15708913847132833 0.08030410012835969
50 0.5172812001174771 0.8919664457421195 0.1624003138618175 0.12382529137491306
19 0.7295673076923077 0.9290865384615384 0.28125 0.13701923076923078
47 0.6739029179723766 0.20949032285963948 0.20237061744111856 0.04904387850907564
23 0.7762079200533543 0.4334685027640774 0.07591779488811093 0.12409769509080348
39 0.45052872313076675 0.42000394965626 0.21254542770405543 0.09762472254064337
11 0.5889876328771303 0.44768050568696877 0.09472899488321627 0.08904784469240049
48 0.7285505662120951 0.46700659029854663 0.34003318770503443 0.11151321365122308