0 0.3873638194070666 0.6085058239467086 0.19815032206335614 0.09812310428104655
10 0.7509311435024516 0.6783525208336892 0.1425541764187409 0.06910569510653165
8 0.3659784193679076 0.8961276554031795 0.15474123488223726 0.08408857669965368
50 0.5760911875704251 0.9251550063597372 0.14537759180825122 0.10527534834823299
9 0.7560096153846154 0.9567307692307693 0.23798076923076922 0.08173076923076923
53 0.4030341445918892 0.19194234045744152 0.19091081231944004 0.09538337532517346
16 0.6287019845884628 0.22770705286967316 0.1786398400088107 0.07318895527051297
48 0.399272849177415 0.4118382830673601 0.22548771079174712 0.1762777514782227
33 0.7809389476325902 0.4765150715747929 0.21539681437594338 0.134964523126802
23 0.5323366696861564 0.4481001918279371 0.08321324719678239 0.13121051791015256
51 0.6258069568623803 0.47650512979275017 0.15980066873132814 0.1059471139522871