9 0.8121579343031627 0.5159679045072078 0.2495288840163174 0.15189153234097752
53 0.6020533407428013 0.5677082235102835 0.18887317193480732 0.13196148105076808
3 0.4006070154488694 0.6277641045634988 0.161101913433529 0.08598072002153746
48 0.8990384615384616 0.7776442307692307 0.1971153846153846 0.2764423076923077
31 0.7744457004071186 0.8314171906674173 0.17995723511361808 0.15588805745971912
50 0.295936381123299 0.17089432098615567 0.20583998457056946 0.13696497233510366
8 0.522050670970468 0.13219334249377945 0.10298993706470419 0.07088633232139795
27 0.7590172408996542 0.0945684163076271 0.1536805406337321 0.07868526771286621
23 0.750644387396365 0.3026689363095851 0.0843187260692912 0.08989333129314635
5 0.38105585906524997 0.4103698696934988 0.21984339281712934 0.12270972310629237
19 0.7987084486464966 0.3429888809186063 0.215595258744793 0.14188454977230636
51 0.3856408552078924 0.44398175892377856 0.31903058813959717 0.1454911610683896
6 0.6281623994554674 0.3906619045316822 0.22924894309425525 0.11561006977426438