2 0.7498691691007482 0.4290152287234225 0.23451588028974377 0.06719338250900911
33 0.45730132496308806 0.5744764449263612 0.16111565232606845 0.11223387961358437
1 0.6354097409088145 0.5768435868980766 0.2087449742807692 0.09496209488110398
11 0.7619193897572655 0.584922406436222 0.0833533232988247 0.07304181210862982
23 0.33923813741848363 0.825915060778686 0.06244605973782068 0.10341026908439971
3 0.5676045269729174 0.8683415513319629 0.1461330740002136 0.087607722725636
27 0.7496264379209409 0.8837829233124606 0.16083590162467942 0.1002146488443536
47 0.6630610062513896 0.9378388392526072 0.18666275777393165 0.0748497826261049
28 0.5237337505840813 0.12062091588294499 0.1197487263262822 0.19220156279589354
39 0.6994673003851498 0.1760195970766475 0.18660680763365398 0.07244593647225867
51 0.5607755950418807 0.41987731980228354 0.15340056260203 0.0903054165542257