8 0.5208088430212847 0.5805288461538461 0.11220444456023387 0.07692307692307693
39 0.8819050194817788 0.5216346153846154 0.22720089760958145 0.11538461538461539
47 0.6883221923585486 0.5661057692307693 0.16799682705334007 0.08653846153846154
16 0.5477516212622204 0.8882211538461539 0.13762868872396822 0.10336538461538461
9 0.9134615384615384 0.8173076923076923 0.16826923076923078 0.125
6 0.7214005662227608 0.8762019230769231 0.14559610861747366 0.11778846153846154
5 0.5689879822910495 0.12379807692307693 0.23757216365693318 0.12980769230769232
19 0.377746011202335 0.16706730769230768 0.26313260967861285 0.11298076923076923
31 0.781166566642101 0.09014423076923077 0.2027844953551367 0.10817307692307693
53 0.4549278198160019 0.42427884615384615 0.16850074800798473 0.09615384615384616
11 0.8120402863297431 0.3581730769230769 0.10777469296852506 0.08413461538461539