10 0.5522541341922591 0.49118461484163717 0.1760153998243566 0.08219596744672791
8 0.43251486844239295 0.6504696189976726 0.15997207054674908 0.10044668001333872
53 0.6837616759883312 0.6048643029715748 0.16747745668303082 0.10807824275951652
19 0.585077510560478 0.8979009346328262 0.2365482350391831 0.155267700185381
6 0.7715939281678913 0.8738257887077991 0.15442566890875617 0.14089204034408398
39 0.7139770203571417 0.18856703980110587 0.15987412132183465 0.09804283385949256
47 0.5665853435511605 0.22817347313780295 0.16640001520897185 0.08163593506720883
28 0.4243564517703985 0.43674917771812977 0.12464490728247285 0.17512962741833932
5 0.7358728693778119 0.4199544527268505 0.20009874583183335 0.14355219414679965
11 0.6130094002348644 0.44894173624311456 0.0872689905818779 0.08182336024386877
16 0.39041284808525123 0.501034841715462 0.11851899058187776 0.08364346547730574