2 0.7997354917275111 0.47061235265275153 0.2565980967965811 0.081370761736517
33 0.49836354000849414 0.6442104133399718 0.17593038023108976 0.12561722277603757
1 0.6930471033998937 0.6396097877169294 0.2236156523260686 0.1096294855129712
11 0.8276345129451393 0.6360581443612078 0.09319250847532054 0.08092137612325072
5 0.7767111672873939 0.8762268800001818 0.1758744300908121 0.12321337662219142
23 0.3954507812105777 0.9237637918357263 0.07234119505459419 0.11419758866086127
3 0.6328450789074794 0.9460731093947903 0.162904046936859 0.08213819555334276
27 0.8190312555500009 0.9380135720584035 0.23479563099113238 0.07378158965874294
28 0.5194855596791668 0.15686511676177245 0.14211069353450867 0.22114167956949132
39 0.720123793253953 0.20145941871119055 0.18459461246175232 0.08491967532342438
51 0.547303670503526 0.47381615509857566 0.25262965659305575 0.11734453546282367