31 0.3779791888447145 0.5690615397668797 0.23795010437291667 0.1572089223521364
48 0.658646945341813 0.6510445701448706 0.3032318912427462 0.17009881157136691
33 0.2593054152296083 0.8386393743205124 0.17557608461157784 0.15414472703561224
3 0.42940135945942587 0.888216793663817 0.15610357652277046 0.10219179279358943
22 0.6634615384615384 0.9326923076923077 0.2403846153846154 0.12980769230769232
23 0.49769146922696245 0.1823261715367512 0.0854999547713198 0.1247286680200853
50 0.3391687141214196 0.1481182209094723 0.17166047559379785 0.12508826390213643
53 0.6089561728068797 0.22795293641759146 0.19329509097841324 0.1269810474880338
1 0.7538117324213128 0.27532210824401565 0.16331511498430892 0.10282272065555521
8 0.7069486144442224 0.499736838396936 0.10524486657601774 0.09056375929829048
47 0.5433610957440229 0.48303196070519844 0.16673702466672857 0.07680103153789143