16 0.5196421728312549 0.6332184183498655 0.1286206655839382 0.07862048325241844
9 0.7452890166125972 0.6670480345101779 0.2468287200293281 0.1108955163899955
2 0.3309822090450246 0.6176192483076406 0.22991787837101937 0.10491117099671499
22 0.5168269230769231 0.9435096153846154 0.2980769230769231 0.10817307692307693
10 0.7175480769230769 0.9639423076923077 0.15144230769230768 0.0673076923076923
23 0.8239859265745787 0.22609332526097978 0.09336019979940985 0.12177216070637839
50 0.3567315646863517 0.17657225573450677 0.17458745754186494 0.09864117899022294
11 0.7275173857405364 0.23739843949718067 0.09492486013939928 0.07386333092739641
8 0.5545663405356918 0.21808418358388076 0.11158394605355107 0.06542459939759973
33 0.3921361582194909 0.42333617976592003 0.15113642607310304 0.13061409216465783
9 0.7772611376153669 0.4899786156239331 0.23999481518402524 0.13202585188078741