8 0.5900562205364888 0.5899398361673938 0.16124180299236784 0.0963317293369025
28 0.4347854474483619 0.6308711430318257 0.12361960188386362 0.12338650823891201
16 0.7957378180759653 0.5442535035349265 0.14695861562813006 0.10046765604054067
51 0.873842730067845 0.8294681749102035 0.22357618977994612 0.17605382961020466
0 0.64694618582027 0.8905852328718289 0.20110223704229677 0.1462000273579696
39 0.4927374462502272 0.926652866961564 0.17354081287927686 0.10650691862233194
48 0.4083668408548391 0.21928329325126433 0.2654465249607867 0.1299922033454438
53 0.6583097579022111 0.16431414487809187 0.1806124617819762 0.10203510911666683
3 0.7791444304360856 0.13942934847986757 0.17771900217219366 0.08509622510573472
50 0.5294740663250629 0.4519459181166055 0.14943240656139578 0.10298346312839585
22 0.7256451964182842 0.4103131984509435 0.21914394502293424 0.10623033021465716