10 0.5635045280172171 0.4734821845745068 0.1758723539295835 0.07548084049035012
50 0.8154678413848971 0.560959236491607 0.1520856254117884 0.11763046191949081
8 0.44115231325267273 0.6324916189455133 0.15915731219517873 0.09392788318305634
9 0.6697694308887236 0.5998586769071386 0.17840206659376287 0.09722741680897452
19 0.5959688335516561 0.8861633104253298 0.23398421665633506 0.15028328752195108
6 0.7860405017192799 0.8661620703658878 0.14979366060046054 0.13674927021625102
31 0.3906731467322023 0.21656693993577655 0.18330765507615882 0.11427826175391563
39 0.7275752226338488 0.16974147069703813 0.159157312195179 0.09392788318305627
53 0.5229965665362593 0.20349402207550293 0.14472025010428716 0.09085227142515606
28 0.43280957890843463 0.4132937752094772 0.11637756229946589 0.1760472017555095
5 0.7394468077858747 0.4023284096802415 0.17615205728587952 0.12355776356727319
11 0.6262632536217908 0.43192201501258726 0.08458214075468881 0.08084170961339236
16 0.3975622249788511 0.4789780339740389 0.11822200174072019 0.08000531653567236