5 0.624294184688848 0.596587876177127 0.1993284671203034 0.14241593779309214
1 0.4766827738267318 0.62964248599552 0.20080892754239643 0.11609961033944562
31 0.8017171072075868 0.5926892599918988 0.1872252921936404 0.1393821904459402
3 0.4817155937338465 0.6706968409688963 0.14716881474089227 0.09169342970428464
28 0.7655144528684935 0.8271374717305136 0.13833946195408067 0.18240968235713295
28 0.8610387178415989 0.8141478351231137 0.1263202311848499 0.18177978116382712
19 0.5155602544860198 0.9184138642440692 0.22395453776078925 0.16050266325662685
47 0.6767705679027342 0.8968694534306204 0.12810593382498708 0.09549328010268791
0 0.8564714203391712 0.8894910482532841 0.2183074038787762 0.136212241240843
33 0.7310401599861797 0.18347872438336163 0.1627671098680183 0.1261031572900979
6 0.6065590921366143 0.22614360800749705 0.17850275889832437 0.09573501896072599
9 0.4265186844810383 0.4986430922301887 0.29830588021515597 0.15960035834743033
8 0.6939866264057337 0.462272109729469 0.12304640904499865 0.08802978116382712