2 0.8040132419943382 0.3487020786623235 0.26065032206335614 0.11165571072307647
33 0.5025526358150387 0.5623855849339041 0.18660660309454463 0.14600150743148121
1 0.6962440645351086 0.5298306873044886 0.23213982360573374 0.13797815312136705
11 0.8345351465872065 0.511728287898862 0.09716081231943992 0.09495083303133889
23 0.4030841926994462 0.8556537256575507 0.07588982360573346 0.1243080494454414
3 0.6564382203888168 0.8551007112297021 0.16709612103999932 0.12028057159444436
27 0.8560133937228028 0.8328373480742894 0.18406290052881039 0.13377196737492844
47 0.7653097373060199 0.888800869425785 0.20245453128825155 0.06333905705811943
28 0.5251696143441266 0.0889523881314463 0.14915203079860007 0.1779047762628926
39 0.7206215497233577 0.08584052069822076 0.2077936779611185 0.10943275255584005
51 0.5971845732752474 0.37520213891047116 0.17433563078391556 0.12331534561025602