6 0.5928508204516281 0.5419293158319713 0.12254348730649685 0.05677978116382713
5 0.5361858665805348 0.6461918945469104 0.20500531653567222 0.12824482134733756
9 0.6354120105649336 0.6887426799552941 0.3139621199968123 0.1507408551640127
28 0.6706730769230769 0.921875 0.1346153846153846 0.15144230769230768
1 0.5228365384615384 0.9314903846153846 0.23317307692307693 0.13221153846153846
28 0.7127403846153846 0.9350961538461539 0.14182692307692307 0.125
51 0.2512019230769231 0.9206730769230769 0.2091346153846154 0.15384615384615385
48 0.3645646137946811 0.1660985622577641 0.23318633263246724 0.21844693142625682
33 0.6876250384944472 0.26616456702337377 0.18543866450287594 0.12002544097650979
19 0.7688090806156094 0.5150051908272129 0.20048084049035025 0.18555918832366175
23 0.2995025898729119 0.4506496025111646 0.08777665966725579 0.13409102042217158
50 0.5419815018791749 0.49588851981219506 0.15178481834902977 0.11826171763525363
53 0.4040402503680436 0.4826350407045632 0.16279640071217963 0.09725700344394407
6 0.7140771098198453 0.551897087115129 0.15088913087695788 0.0990309484044844