9 0.42183597060031996 0.5697115384615384 0.21170832183739316 0.11057692307692307
53 0.7630412441567302 0.6274038461538461 0.15591630903643178 0.0889423076923077
19 0.5204156083438561 0.8786057692307693 0.23630628477863252 0.1346153846153846
27 0.6452747280541125 0.9362980769230769 0.07614178483728623 0.06971153846153846
27 0.7670875799363774 0.9699519230769231 0.07580608399561967 0.055288461538461536
39 0.8572179047821579 0.24759615384615385 0.16776768938482925 0.08173076923076923
47 0.7241121690152242 0.234375 0.15999664952051298 0.057692307692307696
28 0.7726326734581728 0.421875 0.13378015226741488 0.17067307692307693
33 0.829150028204647 0.4723557692307692 0.1758744300908121 0.1201923076923077
5 0.6722296314603629 0.4495192307692308 0.17816637596410262 0.11538461538461539
22 0.461026870763568 0.43509615384615385 0.2110369201540599 0.08173076923076923