9 0.5721153846153846 0.6228005484479908 0.20673076923076922 0.14905171724785185
22 0.7524038461538461 0.682880310806359 0.21875 0.1159576757640508
9 0.375 0.599196674936175 0.19951923076923078 0.10785044983044018
39 0.49759615384615385 0.9234162979552499 0.15144230769230768 0.10561123115026004
47 0.6550480769230769 0.9519230769230769 0.17548076923076922 0.09134615384615384
2 0.3173076923076923 0.8933846125199588 0.20432692307692307 0.14653591015999667
48 0.45072115384615385 0.19527152128053576 0.2932692307692308 0.1386592339490994
0 0.6899038461538461 0.25208471113750935 0.2091346153846154 0.10829829356647626
50 0.37740384615384615 0.4358470974086455 0.1466346153846154 0.105387309282242
16 0.5673076923076923 0.4807497035030498 0.14423076923076922 0.09325611757900222
6 0.7475961538461539 0.5288102350921872 0.17548076923076922 0.09711545587496549