2 0.7700612390163967 0.41700039147835627 0.23439335209106543 0.09297039959881942
33 0.3678944839414115 0.5985482554921517 0.18106387505089286 0.1400822589898074
48 0.5310132001157495 0.5929880257208027 0.30125618274320043 0.14218022352444903
19 0.7854066532892765 0.5577932286411276 0.277413619654568 0.146568322925213
31 0.6449081264094373 0.853205736759056 0.22904284890290136 0.13851759864981808
23 0.7936527402731556 0.8485956743204729 0.08633438280174816 0.11440738511432559
39 0.4531840393077895 0.9231243419052444 0.20309028733516593 0.15007527722142747
51 0.7704326923076923 0.9026442307692307 0.39663461538461536 0.18990384615384615
50 0.6987988735299956 0.14191294767257395 0.16968540438704813 0.09664519105780532
27 0.30304171102616806 0.21547655157141024 0.15168309061115165 0.06750532217680166
3 0.5096031141850581 0.18545218406249392 0.15899257829760452 0.07003504620272628
53 0.5396348305343663 0.4213857611103061 0.18950386896730392 0.11140394230642496
8 0.3740857358282326 0.45572920579176973 0.16458386440461253 0.08934973401488122