23 0.47735575270370434 0.5801980481566151 0.08119618341827216 0.13174409709511892
9 0.7691557674897636 0.6607009426191104 0.22504901193305762 0.13293304432636652
3 0.37031138711893574 0.6182988336857396 0.13548702466672843 0.07020044521838724
22 0.71875 0.9411057692307693 0.1971153846153846 0.11298076923076923
50 0.41019793427925805 0.19044865953722892 0.1640709964162759 0.1126059188774493
8 0.6150866576205143 0.23593318970841543 0.09715146644385114 0.07036416185415707
27 0.8356003809617705 0.28232777249632046 0.16445915875154343 0.07428438851079064
5 0.4195732404402301 0.4150682668269645 0.1572476202900051 0.0738643642261513
53 0.5853654133169999 0.4690599711249426 0.15875938315393895 0.10271051807230513
39 0.7721623003850794 0.5122925175076077 0.18026801829989345 0.10156674477237687
51 0.41342742319766934 0.45784746926411607 0.3103276710849078 0.11393487420357669