50 0.3641826923076923 0.5299850922094549 0.15384615384615385 0.12617696282393176
9 0.7512019230769231 0.6471790427016553 0.23076923076923078 0.15681352115897448
6 0.5300480769230769 0.6078553017610573 0.2668269230769231 0.15284508095544888
1 0.7091346153846154 0.9161870163103626 0.21634615384615385 0.13484320493269253
11 0.5456730769230769 0.9428281643107901 0.11538461538461539 0.08682022211794879
8 0.6754807692307693 0.19461454904348235 0.10336538461538461 0.07932893295502143
39 0.48197115384615385 0.15104161225892052 0.21875 0.1180722319960472
27 0.9026442307692307 0.2554330300180014 0.14182692307692307 0.07782028904561979
5 0.42427884615384615 0.3687305694717411 0.20432692307692307 0.11292883884668825
23 0.7920673076923077 0.46473750570154854 0.10336538461538461 0.14904047141655988
53 0.5913461538461539 0.43695741933782 0.15625 0.11902137450267111
51 0.421875 0.4120557503812496 0.31009615384615385 0.15144833732660273