50 0.6326014383748769 0.5384575554269451 0.12462455244931957 0.07470694893217537
31 0.7802631148878666 0.5384432934793218 0.16378553870505314 0.10031259806926804
9 0.4440872390732939 0.5809533642010413 0.27104933349567656 0.07347031319041838
5 0.37155941196272124 0.8456172240429622 0.176504217268479 0.12484080573230198
19 0.7284955934191653 0.8322736872200897 0.26042899831483596 0.12105749014276904
10 0.5242293663855349 0.9210302682667494 0.24673109283953687 0.06287543632588921
48 0.8112667176240317 0.09179521275400197 0.18511465131840765 0.17321157648396823
16 0.6712269995129705 0.15992729318658275 0.11685345575242514 0.05518233202666272
22 0.43070249456951615 0.1745299079857199 0.29473807113704054 0.06243057467033189
23 0.5316583973855923 0.3769019367077962 0.07533284446868212 0.11351539982435646
33 0.762287738595984 0.3723065034237015 0.19538526260215094 0.11360516876238663
51 0.5921870817350545 0.4008465391647854 0.23555119942334019 0.09123184404747064