50 0.5803365549886034 0.5895785905135595 0.1337130797061881 0.08207966789273814
31 0.734817720837705 0.6094264203256123 0.1734344205543382 0.10835825894927599
9 0.3805074844323618 0.6068740765321325 0.28718129283635846 0.08382864750350495
5 0.28808372734432053 0.8751603519100786 0.1868394339488417 0.1355006071159825
19 0.6622648557930229 0.9126266147113224 0.27768166684035067 0.1312055301060292
10 0.44350961538461536 0.96875 0.2620192307692308 0.057692307692307696
48 0.7929747234111463 0.14383845673085213 0.19669655742226438 0.1864014006313911
16 0.644392525136925 0.19546412083678003 0.12536771909669944 0.060025028223483545
22 0.38977380318722443 0.17701749354875543 0.3128677190966993 0.07094565962410539
23 0.48388986188029826 0.40553361895423445 0.0806922624636275 0.12212871247973431
33 0.7247835090292003 0.432825586335805 0.20771816790149017 0.1223376030468236
51 0.5448780990163643 0.43801998326726227 0.2497275962841093 0.10081928721619786