3 0.7399597430815673 0.5974021642136355 0.168383396674487 0.0942637659850834
5 0.4220317964952263 0.6438094369135139 0.2033661936373038 0.14150429598428632
0 0.8914997417616752 0.8553217433310992 0.10842713238717203 0.0962724349425502
33 0.7673041067249996 0.8771440055318614 0.17514954280592548 0.16179538016079348
1 0.6316487991544493 0.9176372322933477 0.22549042247785586 0.1593388674672906
27 0.477370114804987 0.9368580597420741 0.17389053677637442 0.11852614939156271
48 0.7028637183545758 0.18877465132961782 0.285096962868073 0.14531096774059277
53 0.35976533193226967 0.23641018037624775 0.23688015023231096 0.13826405675272024
19 0.5179295646301794 0.22697267894391943 0.18047257222313723 0.09722741680897452
39 0.7343163265115054 0.44470195297740023 0.15176630793582235 0.10069157790855872
8 0.6520481096082984 0.4636758392156278 0.18810377936119294 0.1119863765340785
22 0.4190720051966886 0.5008365712266722 0.20698482469486448 0.10086283323691976