33 0.3954383001838444 0.596376931775707 0.17865353833122363 0.14596382771417282
27 0.7492818588608632 0.5490746729656937 0.1249525829182198 0.08802978116382712
5 0.5294377457931759 0.8673493207055386 0.21527126301843502 0.1574689159094749
8 0.7887031101713612 0.859753070314749 0.11391340881314758 0.10422680304744439
3 0.3640979523212057 0.9287376021997821 0.16651800800800323 0.10219067599029767
23 0.33113741719037587 0.1779612775292467 0.07855575697985397 0.11435633023675777
16 0.4264512147749434 0.18734514490587736 0.13118406471559985 0.0715807988028874
19 0.7042936034160487 0.1488189559213828 0.26423565174641683 0.09293278885232804
51 0.34783842959332506 0.4466932366150135 0.17188573269521462 0.11205802108300435
39 0.612249652245957 0.4124657081739244 0.1812211011208396 0.10775424972995669
9 0.8001696765305961 0.3954277110968158 0.23270563555665766 0.08648735344204074