5 0.3389423076923077 0.6142684869239297 0.19951923076923078 0.15461269633983632
1 0.6538461538461539 0.7294003653917159 0.21875 0.13661429079705883
33 0.5925480769230769 0.9495192307692307 0.18028846153846154 0.09615384615384616
31 0.44350961538461536 0.9314903846153846 0.17548076923076922 0.13221153846153846
0 0.7103365384615384 0.9699519230769231 0.17067307692307693 0.055288461538461536
27 0.25721153846153844 0.8998963258653497 0.16346153846153846 0.12826355288639052
53 0.46274038461538464 0.21715375124229894 0.22115384615384615 0.14397987471959622
48 0.8100961538461539 0.32715370497203267 0.2764423076923077 0.1667536895533414
19 0.609375 0.27823321667092754 0.19230769230769232 0.11568902149530111
39 0.7367788461538461 0.5748591645654106 0.13701923076923078 0.09772289896924818
8 0.6394230769230769 0.5529953233949529 0.1658653846153846 0.10918682911662031
22 0.39783653846153844 0.4834272161030195 0.2091346153846154 0.11676733972229372