47 0.578995264633148 0.606669232993375 0.13622411454203337 0.06077361813367059
28 0.6078707552235492 0.8107778153859615 0.1055079491238066 0.16036386744640707
23 0.2766774336652177 0.8470823722732367 0.06331361369945128 0.11302565369978432
2 0.5559340074517617 0.9041319283428616 0.283837956838522 0.10040236700729821
39 0.3044872776468703 0.922781083884883 0.18859339281712934 0.12773439801072028
5 0.4929926602312576 0.17919476659948272 0.21405647359756394 0.09515799333093297
0 0.6200118100982965 0.1872246115251708 0.10793751893123563 0.07882899666546649
53 0.7484776897702267 0.18679202029994008 0.19207213431585102 0.08225721953747221
50 0.3679649140228769 0.4327923555433676 0.14187114420275976 0.08981567042965342
27 0.6882488725465628 0.4413507494019041 0.21074334531126426 0.06381004410601854
6 0.5249272236438635 0.4432036043883943 0.21370674970046638 0.08313876256170233