6 0.5865573921571577 0.4535154239551393 0.14540572217660264 0.05299832667233909
5 0.5431462761591341 0.5636037318969174 0.17738307400021386 0.08479379745134598
11 0.7534828146206727 0.5599322939612947 0.09000536035758536 0.04722557067871168
9 0.6192021259079055 0.5995206499793622 0.28404750701388903 0.12510154470336887
31 0.3639468324779909 0.6231991040235715 0.2624128916292736 0.12472391108713356
28 0.7483064217059288 0.8339497758544098 0.1217609214981841 0.1727290821670254
39 0.35645051861981764 0.8936527759766103 0.1587118061722223 0.10849658466426494
28 0.8054392279954586 0.8569812144162434 0.134451553950748 0.20178503246664356
1 0.7764242187894224 0.9163579770284417 0.22624329904102572 0.11928682941904885
22 0.4972703391717407 0.934446408594964 0.19963314092788473 0.111613738759889
27 0.3152204531535782 0.9616527965807342 0.17687952273771373 0.0631591820667306
48 0.2528204573887819 0.1325505663104443 0.21405822772906 0.21518891982873783
33 0.6194349709204593 0.12494985140286453 0.12880259966079066 0.062319996252873884
23 0.7986054345924144 0.1182181150154794 0.08715592295961563 0.13127626748194138
51 0.6127259787823717 0.15510282655267352 0.29556318652061964 0.10367672577221768
53 0.4137652444768695 0.18620869880406282 0.16994773497756419 0.07505253496388277
19 0.7674063600374462 0.3746683029523696 0.18918051408643174 0.17871163461411727
50 0.5236947211844013 0.41856965285080694 0.15597225917670945 0.094031548450495
0 0.34052683729973254 0.4421912512511544 0.194154046936859 0.08268366633234951
8 0.35587208659834363 0.45393774663088177 0.16050020078301286 0.08209623626264986
6 0.7205023800282581 0.42835014486014866 0.1437292278463677 0.08420636738164634