3 0.8391886508393654 0.4896151764240742 0.1494580165729054 0.07818823656008037
16 0.7763398229991451 0.6336541373484568 0.13984263195752078 0.07779643966042252
8 0.5625233818171704 0.6465712717156862 0.14709612592250373 0.08530182579670455
28 0.40397442442193526 0.6581354690251787 0.11123422596421843 0.117486433576834
48 0.7391719125604752 0.8544427189805948 0.28206113973325814 0.15088313623806743
39 0.43509615384615385 0.9519230769230769 0.16346153846153846 0.09134615384615384
2 0.8245192307692307 0.9387019230769231 0.2403846153846154 0.11778846153846154
47 0.6346153846153846 0.9603365384615384 0.18269230769230768 0.07451923076923077
53 0.6911065705859186 0.23484219678121593 0.15425172371278306 0.07598028885606314
27 0.376405509365387 0.2568666175481924 0.15418179787370898 0.06396105808683238
6 0.5433958986347134 0.25045293483359277 0.21669578304152376 0.0689115840884542
22 0.6421501846469623 0.4948044938272433 0.2047744484469965 0.08524876104080506