0 0.33827640951080606 0.5435426833985104 0.21466953641867711 0.134964523126802
50 0.5266916366475258 0.6016104628720639 0.1641188413488338 0.12059411274338207
9 0.7233874662284665 0.6829066440761875 0.23392827598507593 0.14066790290656647
5 0.6346153846153846 0.9266826923076923 0.20192307692307693 0.14182692307692307
19 0.25588054345368455 0.86070545364767 0.22453665405472809 0.17868159763206884
16 0.3960052828329496 0.1266466310345638 0.1423024187826261 0.08833646433730093
53 0.5556093190430524 0.17736126391539384 0.24343177925794224 0.12188497741183325
48 0.38151147871564917 0.34478084589751423 0.23921146399847137 0.2226225940053536
23 0.5350849217894145 0.39882134567409094 0.09689506004803036 0.1318822835142067
33 0.7678244585102327 0.4842007870421959 0.22449469855128365 0.17147005917053038
51 0.5877038189855488 0.44695756314536617 0.2748775716073494 0.15699431570779646