6 0.607367121423886 0.38507960106726247 0.11472938871625697 0.067996538849387
5 0.6338186778523206 0.4663313603955434 0.1776490573927741 0.0867900415189333
50 0.3963846050301161 0.5431527973868397 0.18047257222313723 0.10138121173995146
11 0.7868476049083587 0.46887858982243547 0.08623295876720068 0.07799865004332414
31 0.6639588101177354 0.5087853946664037 0.23949383072441568 0.1510885278136154
47 0.42213671366435557 0.6003660951766592 0.18012284832603967 0.08936198097072055
3 0.5821380080994262 0.8011465856468883 0.1326054834844727 0.1052308842426671
39 0.4485018503959148 0.8442136564854379 0.1718364145196258 0.13436268470203316
22 0.840293801083128 0.8156125258441105 0.20287658018136712 0.12933635911372932
27 0.4218589571014754 0.9219519299068855 0.18549009886908807 0.10892893679737188
48 0.23712495696027924 0.119512257792018 0.22758876586044102 0.2366184295644302
33 0.5943537793611928 0.06201443332186644 0.1342399370647042 0.07895666984830066
23 0.7704069686541094 0.0491791661046053 0.09045536918595386 0.0983583322092106
51 0.601237704488552 0.09164227700009055 0.28007943622212217 0.14433072926323004
53 0.4063034698619636 0.13899572693613885 0.18528026453082952 0.10171739833583363
19 0.7670387799699796 0.2847909957639284 0.2144504186204979 0.19731642461318608
0 0.35743706620330556 0.40496515020698615 0.18252669447988581 0.08953007426866168
8 0.3889668453209835 0.41239532194913614 0.16576971618238232 0.0907572673369199
6 0.7301859714350898 0.3427689500694481 0.15417015408966853 0.10433987777029124