19 0.6719731911800058 0.5989299091205968 0.26100004120824793 0.09596383286481032
48 0.6582424425533605 0.6376690978930648 0.2589738286706374 0.1174444027884267
47 0.32908335663920874 0.6261802543515924 0.1329668056940094 0.051741731124173254
33 0.3076342045393479 0.9105434465882962 0.12916613636294508 0.10912594789448321
3 0.4772102566122338 0.9274132669733379 0.16927625374585878 0.0684754899622347
23 0.4502413517720005 0.20773899420734418 0.059538516482792264 0.1094663218332057
50 0.29177632242627205 0.20838930147372084 0.1745035389604793 0.09282204242269404
53 0.5658987025461193 0.23075817633529405 0.16956996878070846 0.08530241303915763
1 0.6970341958028132 0.2463651924212756 0.145321710788783 0.0717427276599373
31 0.4523481293676337 0.4659984102848067 0.1409336113880188 0.09547309827640103
5 0.7204608941028655 0.4879821714938827 0.21574655719209937 0.1170754306442916
11 0.5572720910308304 0.49313208014595367 0.08530947552401467 0.0726992834426558