6 0.6337727490182676 0.47859155136586967 0.12030806631168481 0.04876219629984801
5 0.6023593327084864 0.5962331686422758 0.19076526458590592 0.10924993484481628
11 0.7886574096315633 0.5973170191479226 0.09284769509080348 0.07503668197837826
9 0.44029890930114696 0.6373704626748995 0.31942891312636357 0.13402961027746202
3 0.715156242390906 0.6233397718057863 0.1620553125976973 0.06582686722962286
28 0.7938992615613021 0.8414122925219181 0.12875896392126626 0.1641607968522783
39 0.4062603512180497 0.8968669733638583 0.17963811710658734 0.08034784032740315
28 0.8452721140819837 0.8705661200599976 0.140012091639246 0.19546673752353746
1 0.8016351642160534 0.9232129875917613 0.20822208885613455 0.12136706178875081
51 0.38461538461538464 0.9555288461538461 0.22115384615384615 0.08413461538461539
2 0.5686612792702526 0.9639377191738485 0.1550957346134813 0.07059260403387067
48 0.3315775745402721 0.16544043970733216 0.22755839508699685 0.2152009727956394
23 0.8477694856142473 0.15762295051129832 0.09043362731767328 0.12068178856582562
33 0.6782404524584049 0.18068245030272412 0.1696345701559352 0.11873945294986768
53 0.48410604669012586 0.2144194061083096 0.18710161604544814 0.08519748813853995
19 0.7958280616159652 0.41461072628780005 0.1963186167062809 0.1693600738587849
50 0.5728475020015321 0.44817986007960803 0.13231707546163124 0.09449121389418422
0 0.397371843580405 0.4700024738745737 0.2013987127298639 0.08287755299158252
6 0.768571993182002 0.4529254204872831 0.1605333281144793 0.08263980513873101