8 0.5558352554535266 0.6033653846153846 0.12862412132183465 0.0889423076923077
28 0.36711089014209597 0.5733173076923077 0.12268592278418389 0.1201923076923077
16 0.7775012899664525 0.6454326923076923 0.18190053360610775 0.0985576923076923
51 0.7278101961957376 0.9302884615384616 0.23625438736443982 0.1346153846153846
39 0.5584369915744983 0.9326923076923077 0.16325745972482522 0.11298076923076923
0 0.37822403702644364 0.9050480769230769 0.2437597735007217 0.14182692307692307
5 0.5685463195667461 0.1778846153846154 0.20211079508602153 0.12259615384615384
11 0.8848438971039021 0.24158653846153846 0.1066956582624757 0.08173076923076923
3 0.4287804203564687 0.16947115384615385 0.14947514290713435 0.06971153846153846
48 0.6255590643453915 0.4266826923076923 0.3335836242172594 0.16346153846153846
22 0.7966688226371412 0.4963942307692308 0.31690771512115007 0.10817307692307693