1 0.4769071399993361 0.5702108112177652 0.2196310655723322 0.15398769438866985
9 0.8286999945907054 0.5024110952725226 0.24847721941848605 0.1543233497772013
53 0.622262913884047 0.5552973947877661 0.18344750675430668 0.13193350976839044
39 0.6023344889728368 0.8488183670983953 0.1736922704607742 0.10778316310041856
5 0.4825197808115286 0.9151207773711219 0.2148373584324547 0.15633559797776103
48 0.3241634103451029 0.1416705548279041 0.3088111211174914 0.19588801645202603
27 0.7877910517615777 0.08218555886748743 0.16390906383161188 0.0788251241247542
47 0.54773508782061 0.14147307172063278 0.1518059220554924 0.06426219078978929
23 0.3581187389621166 0.3997064040542679 0.09207338257252327 0.126062908730349
50 0.6079718947000612 0.3715570060716122 0.17137233531381676 0.12217826874111773
0 0.759295328465943 0.3493621229741306 0.17855590343972566 0.1174544902805583
8 0.42558026811577165 0.42536551584000265 0.14955591274760904 0.09067652719971929