0 0.3566030329442164 0.5613832999666531 0.18759259101309952 0.09477523059547775
9 0.7090820734837726 0.5971524865398321 0.20469953027978222 0.10056297956732835
19 0.6244478186470939 0.8368596484157084 0.16889814562095914 0.14399592697232896
8 0.31639363644714175 0.8404276116846816 0.14135948171050353 0.08249969217737775
50 0.507441255900916 0.8508615794789155 0.13498799181824375 0.09650274481581506
53 0.5152535143723713 0.18200860778927558 0.22845797562848416 0.09715536820843382
16 0.366705081165989 0.18227564813335964 0.12100864772069614 0.06214885818757016
48 0.380254789858913 0.38152671698327595 0.2113036192800214 0.17281837227759284
23 0.5128982068755358 0.38697742156360265 0.08280341690802719 0.1054417974976911
33 0.7367596239138776 0.40987435295259683 0.20157193511064703 0.12912911722372272
51 0.567218466020284 0.4209468467185435 0.24344108493108016 0.10761080139309698