9 0.773338669413792 0.6348735213715018 0.2417499547713198 0.1342616047366923
8 0.3879674033664405 0.5935555167778438 0.13915067320718622 0.09595168622316486
39 0.5800180243871684 0.6249477801180099 0.18810945795473744 0.11614047525891061
28 0.6218401428154213 0.8745610535394573 0.1425419180317533 0.20636051600214683
0 0.7704326923076923 0.9338942307692307 0.21875 0.12740384615384615
1 0.5637019230769231 0.9447115384615384 0.2620192307692308 0.10576923076923077
28 0.7988072504606796 0.18399251090237184 0.12470715304554093 0.18595309368578966
6 0.538551743032705 0.19932418758063472 0.2493496555681258 0.09647243946691844
51 0.8488385276404761 0.4988458170735477 0.14686613262336934 0.10607135073237281
50 0.37674494050631335 0.425118192710672 0.16647484257012207 0.11462763557744046
51 0.7342149044974698 0.4824479238828824 0.09234377413615882 0.07112329817766803