8 0.5602417698171857 0.5783832641337975 0.15634259101309966 0.09383947942754964
16 0.7414758467837009 0.6122718632904542 0.13498799181824375 0.09726076258625117
9 0.35830683862366375 0.5709674132805169 0.2278742347080751 0.12955679779651938
5 0.4347539846355674 0.8414789707243648 0.21328744114922835 0.1669400180310651
9 0.6322549522994865 0.8839046362694136 0.34225508488764195 0.16083539600193192
39 0.2637427417457361 0.8787814834170988 0.1677780808619212 0.12570566127154537
31 0.45844755075589205 0.12628815783570316 0.18672883390293074 0.12213033265184475
6 0.8642667937760381 0.21044628435130533 0.24061721449259466 0.10163491671635921
10 0.5857469516261935 0.18159460328818314 0.1470309311283645 0.05731965073686038
28 0.44274293558846795 0.3548075879120868 0.15118375689297744 0.2108577136610164
53 0.7724910045252608 0.4498277618337714 0.2036957650747337 0.12561249703268346