9 0.6688946013904185 0.7050509463826948 0.2697445352158526 0.16738976790719726
5 0.30798842336616367 0.6110228457366977 0.21367234713932795 0.1502411859705341
39 0.4606293402080468 0.6618034947203356 0.21037281351340964 0.1309964315719501
28 0.4528150941698969 0.906974824660921 0.17163468664419626 0.17643176064217522
0 0.5967066666712916 0.9650159601934493 0.21422552395467775 0.05892300246000996
28 0.8237485817916058 0.24393823110743515 0.1477081860397439 0.17869575511787358
1 0.8172318282766023 0.3064592088591573 0.2510142762607762 0.12642648711710927
6 0.5594934462695424 0.24187083033629353 0.2605176999421518 0.12407858163452226
51 0.7891791646016019 0.5733770355268766 0.1521207011510571 0.11864155677516418
51 0.678743849655864 0.5451811919841109 0.10202848126197167 0.07509262264963741
8 0.33569857638444167 0.4546539718102719 0.11734724565712061 0.09440730288729536