3 0.5875731712071622 0.4603434392735716 0.166998285464091 0.07359648262146588
9 0.7194402222821665 0.61074046898547 0.22329376997918068 0.13418633580298034
31 0.3092007361429844 0.5854080897965276 0.2017850324666437 0.1402640521165683
6 0.4997820142400933 0.6054407377460427 0.24940040334594554 0.11634134919748376
1 0.7048736413650278 0.8948982360939607 0.19938118631279741 0.14013807187790717
11 0.540992509996561 0.9275033538613808 0.10719584665278713 0.08727389973186014
50 0.3564378496515018 0.14943518508938783 0.15577628121802406 0.11863965835123712
8 0.5997149263251084 0.17751357548066504 0.11415562937016852 0.07322876352476665
47 0.7972559871395988 0.21159135963727344 0.13773253871100893 0.04804625821907052
53 0.5270093818712099 0.4214886276671234 0.16998956168763682 0.1073763090139732
27 0.7114341870662785 0.45024968775175284 0.2225804620374025 0.09332095118759572
2 0.3431151511019791 0.43112611592470185 0.21296507742201776 0.09281703023295106