50 0.6263632159707667 0.5451613761283204 0.1332359151796981 0.08640041708202818
31 0.7723836036279457 0.5281997621183271 0.17287284434020997 0.11591791957926745
9 0.44728076765267044 0.6071396147634741 0.2732466874522616 0.10325713286528945
5 0.40886212214285034 0.8720452235295186 0.18827541351243118 0.14020813686188605
19 0.7569259781825282 0.8191280856697509 0.27260592734687566 0.1464844043438272
10 0.5674710838276814 0.9293301048992528 0.2486205305643135 0.08841446303528418
48 0.7456902341037643 0.09347316995727528 0.20465747493379693 0.18694633991455056
16 0.6174579096815874 0.17418673826601785 0.1228369367649978 0.06700181068848766
22 0.38031379900603324 0.21676028721545373 0.29689335209106543 0.09406134115683305
23 0.506136195613625 0.4007296235050785 0.08893412740542345 0.11925703671271065
33 0.7319732524722993 0.3703641221329912 0.20471053968969655 0.13088646728135112
51 0.569152474116147 0.4164446253786416 0.24248643357683386 0.11473089285551333