1 0.4013554559765009 0.6274771426210464 0.1958049312786678 0.12243001028251618
9 0.7625269096784899 0.6112401426699952 0.24896932578096115 0.1326607631102083
53 0.5503939175149625 0.629211362128458 0.17622443815080102 0.11018700925426472
39 0.48530032503097814 0.9242271139156611 0.168663175792165 0.09808386463790096
5 0.3485576923076923 0.9495192307692307 0.21153846153846154 0.09615384615384616
48 0.31683455376921166 0.18523853645398403 0.3000096532470865 0.15247892927090725
27 0.786891394015264 0.18710115292803697 0.1411017516291451 0.05931464207020895
47 0.5420966444365549 0.21190629853594065 0.14555972003973985 0.04735135386573342
23 0.3128513144329641 0.4460978010698581 0.08282416204789857 0.12111536001076874
50 0.5665969732225723 0.44424107905300336 0.1590477911767804 0.09797197950839075
0 0.7095209022072893 0.44951113958524025 0.19022784639736082 0.09593176002545338
8 0.37210813092608386 0.47564323697545213 0.1463990573927741 0.07619750771188727