50 0.3494010411055907 0.5849563999534986 0.1598845825784609 0.10761533540615285
9 0.7573844185476883 0.6258883445135711 0.20564157334867053 0.11535832823286594
6 0.5468520811095067 0.6115089086446888 0.239071649243496 0.09651915695538313
1 0.7641928996106936 0.9010867722053894 0.19155415181412502 0.14403665438475408
11 0.6058327519218124 0.9281732614576961 0.09229717744699237 0.08279367796111824
23 0.686159904641817 0.18675370862510918 0.0880209395044747 0.12841081231944
5 0.4119815866914674 0.17792320404692566 0.2104772369387406 0.11781811695146721
8 0.6166721364392994 0.206795645044829 0.11613984000881071 0.06624646770797135
3 0.7852770225970614 0.23368380912455036 0.13746677128727242 0.0400559015570621
53 0.5641108749326545 0.441813984539514 0.16449647590950983 0.09084435489398501
2 0.3766248605738433 0.44519766764189045 0.2100296964206988 0.07935657848992875
51 0.7243582421167102 0.4736077404152492 0.27278143796209736 0.10171844721636197