50 0.6455038205501743 0.5942403903446979 0.18200879245686744 0.10695476235836815
9 0.44803178196390053 0.5829884946257445 0.18648081043901718 0.08794791499561683
39 0.8166384496708723 0.6127334717223658 0.17715914085848267 0.1043269943365041
47 0.7239401617070071 0.8840948126266538 0.14578326298640412 0.09565996373284837
33 0.36633961850046093 0.8646633190192998 0.1661049737751867 0.15905565120492055
53 0.5473204083353541 0.8959297105070854 0.18462243506417791 0.11908595406160807
8 0.7793523951032821 0.1994695218590169 0.0923112175320891 0.059542977030803974
10 0.41356916645708475 0.19365104536684818 0.14249827172800836 0.04506723356807012
5 0.7978035639328708 0.42956698702419366 0.19423781967956252 0.11953379779764389
1 0.6151741951766023 0.44168178723964774 0.20119760239694406 0.10544660367659403
6 0.44787611138548394 0.4362419183071201 0.18158919954993935 0.08291630081990661