1 0.3944774583802835 0.5704861115515235 0.16743177642853063 0.14621382217332268
9 0.7472982450546188 0.4893700587877632 0.23239156514713188 0.15556003352542547
53 0.5448576994075561 0.547961049660972 0.1841188430935656 0.13537124448967972
11 0.3229626142707034 0.6271275561484791 0.10920801437104845 0.09650650609965848
33 0.7946322450179071 0.7562727918386917 0.1651677866865723 0.1580649596446122
39 0.4560387362900056 0.8532072078917283 0.25858213129804114 0.13577444441816275
50 0.41453001217993596 0.911353255495189 0.21766080411790142 0.12810916604547082
8 0.44503152407825286 0.14782118504448813 0.09702095590755196 0.081242962686876
27 0.7051364061352456 0.08759980117453832 0.14498599385496455 0.07498944403031399
47 0.26527367483965186 0.21803644343341008 0.1546293497527268 0.07806566337592467
23 0.7002850727733588 0.2981044329340179 0.09017304411692241 0.11198868279305266
19 0.7288095568721702 0.3237315441279551 0.24443876719874041 0.15880434616897732
5 0.3624739178867161 0.43101249464577623 0.2131607959163628 0.15421528714189656
51 0.5659205876340587 0.3891643802005199 0.09458913847132831 0.07867102323508873