1 0.3730081646062936 0.5458340534789328 0.154632185674727 0.1019360316164451
31 0.7408080638117869 0.5884573009806141 0.157875473402894 0.12614258645284776
48 0.5434980860086642 0.5734788442146035 0.3134005103976896 0.18497748059800317
28 0.5929218941939115 0.8062234512178624 0.12134465056229342 0.1787415552242512
28 0.6801586138647036 0.8145111227660882 0.11653695825460111 0.17840536862836898
19 0.3153196355033968 0.8244363040531402 0.25031290129566486 0.16378013177461087
47 0.47748003952473783 0.8502655751777584 0.1108592899609037 0.08448727533042771
0 0.6502898629235225 0.8801461187693342 0.21581961356749785 0.13738836406497348
33 0.8315399546324419 0.18764562313880556 0.14817614463007744 0.12306636710723708
6 0.6837034161709035 0.1979833609621851 0.19250611503424098 0.08779860130658011
3 0.3919451802354503 0.17522151254177226 0.13431014239734063 0.06934128523291605
9 0.4077990864242834 0.407915579562361 0.2999542289521132 0.14327162949291286
8 0.676510923504618 0.4382839296978299 0.11790294010757799 0.08018386291655889