3 0.3476312717279751 0.46601203382467 0.13305067693286665 0.08213377593687127
31 0.37618288504385006 0.5923408959369195 0.16488807386279639 0.13498252857090096
8 0.5520412665867169 0.5465918352878414 0.14998948513930033 0.09302422853862698
9 0.7652012204377657 0.4944136405810297 0.21542478565832085 0.14361542483770628
0 0.6405203639891661 0.7860642684167723 0.09464508103608328 0.0840270271328582
0 0.7812852204010542 0.7633891123328694 0.1407097559124466 0.12114177210685448
27 0.40895395167217347 0.872060530471619 0.08477795487930037 0.061663801470316755
27 0.5751270203937118 0.8330496954850826 0.15029716924545375 0.11946653623093467
50 0.38448782971405726 0.1882215132365433 0.16706814975762171 0.11593391190961332
53 0.5639100235641271 0.1458049929640121 0.17905940924447486 0.11444082860317503
19 0.4563218173750378 0.4133440143518452 0.32356989129902014 0.14940844431053107