6 0.7625640777936886 0.5176055039560925 0.27833047577348513 0.10978137122177856
1 0.4199679582877414 0.5817113941893458 0.18508398726179903 0.13808210352315534
9 0.7433631012692573 0.6569027143688364 0.22831125874033703 0.13592999038997533
53 0.5492660558149424 0.6221230622058991 0.17762069305610362 0.12361707109663392
33 0.6902023969717755 0.9161824549566658 0.165601462286873 0.12354714525755985
39 0.42624695553849706 0.8725837713886379 0.16530774725202305 0.10672022218063705
11 0.5301158516421955 0.902031287450828 0.09500877872078493 0.07266080616016168
5 0.2965441614575368 0.8778381877112543 0.1878235077411878 0.15732685792173948
22 0.5576923076923077 0.9519230769230769 0.2692307692307692 0.09134615384615384
48 0.4282291027711497 0.15992729778014206 0.28646511863026586 0.1627079421098383
27 0.8534039903827142 0.28258099500785394 0.1357063261733984 0.06328316939762857
47 0.6255272209024747 0.24039401203397104 0.13085667457501307 0.06085135290815284
23 0.3769687331391998 0.39037486968963253 0.081089213286022 0.10142304899942681
8 0.4041872877093249 0.4349998603817491 0.13604200049894083 0.0825139386283978