9 0.7259156707735251 0.6872714041358527 0.24819539018160724 0.1630392710264384
31 0.3022513933840586 0.5818211170934079 0.22162710225063825 0.15909533582891472
6 0.504121701807089 0.6405968051581882 0.25908079880288754 0.1421046961162218
1 0.6826923076923077 0.9483173076923077 0.22115384615384615 0.0985576923076923
50 0.4110832463559027 0.13847409676933203 0.1941769526490414 0.13832447755446806
8 0.6575557996733904 0.22034263094452017 0.11941598302177234 0.08364346547730574
47 0.8585442464257927 0.2959452420862235 0.16192933235903612 0.07174053426206467
23 0.7845170545882969 0.5122569546962726 0.11813573739659233 0.1506711415952386
53 0.5533596614837986 0.4602146310313967 0.1839316668403508 0.1257452144057183
39 0.3886280990163643 0.42891945710007734 0.20291047559379785 0.122057586857064
27 0.7380880962332531 0.524019877816634 0.23378253487781436 0.11666615362896265