2 0.8162401810863235 0.48872655864221753 0.21455176564704515 0.11432566537890529
33 0.3633671415636458 0.5172815259375378 0.19050308248929942 0.1586129596767094
48 0.5225776771721831 0.5655831950399473 0.30664357930588165 0.1790830880555219
19 0.774966190897103 0.621053855723133 0.2731157133906969 0.17972321086811177
31 0.5103081463292555 0.8374016699729123 0.20682608461157784 0.14987943673195295
0 0.6803989797494309 0.8863383510782696 0.19974052638870068 0.1519053421698156
39 0.33305854294758797 0.8358439098221997 0.19834452214414355 0.17101013116192368
51 0.5553308788204583 0.9145869289925959 0.1477479942939975 0.1204136033117776
51 0.7344752965916853 0.9293028528701316 0.15484377413615882 0.07284060118949917
27 0.45365613540648064 0.14736673277076293 0.15054000278311117 0.08220402532756133
3 0.6572748347418411 0.19213584438101788 0.15787752148331108 0.08498581219739097
50 0.3852213921641055 0.38235630153514244 0.16723072400208905 0.12622913752875908
6 0.5902939750537113 0.43187011533375913 0.2879269526490412 0.14214353407720146