19 0.6573354532159456 0.5463866214206252 0.26987408695024995 0.13255403823856612
31 0.2791282612678981 0.6458015550013011 0.17611010178243508 0.12249744662664788
48 0.6335487246981504 0.5916180946150027 0.2939545039921557 0.14172781912525123
33 0.3000302580525354 0.9314913764457992 0.17116255779659484 0.09806653660315699
3 0.48157658333917924 0.9262918307513263 0.15422375337715336 0.07746219767478489
23 0.3858880348865311 0.18735412119765282 0.07997024079640379 0.11705232307990719
50 0.2189815566240936 0.22863593682165317 0.18805940671259186 0.11145933706999035
53 0.5049273675892675 0.18605448273163822 0.18807339188040664 0.11386318322383651
1 0.6467472980822832 0.17327532934634965 0.13987060229315035 0.08830408298892774
5 0.690290040979052 0.4234471743331122 0.22914855401301318 0.1532566876542782
47 0.4644893319473836 0.4695364838987218 0.1445384429226948 0.06465806993549555