6 0.6395528736474352 0.4891990815409554 0.10976801591428671 0.046302409474742706
5 0.6057349687175353 0.5875400037475184 0.1863858506193195 0.10683210352315534
11 0.7809372006031344 0.6149962361063988 0.08888889794655998 0.06781115834902487
9 0.4513164729751991 0.6046668065773102 0.28519537539930795 0.11461703386510044
3 0.7058456279377213 0.6325845494740788 0.14864927516298548 0.05854540292901033
28 0.7675291126468635 0.8504472926729887 0.1208409856177009 0.15692128805511027
28 0.8166553376916876 0.8807750729523616 0.11670484656946528 0.17612408695024995
51 0.3590164499350076 0.8865243600221042 0.18996491497721488 0.1404999348448164
39 0.5249810459136666 0.9247419594020332 0.17255038279826707 0.12357511559318969
1 0.7644230769230769 0.9362980769230769 0.1971153846153846 0.12259615384615384
48 0.3788766984477181 0.14760738590289316 0.21137823230121824 0.20311181618733462
33 0.7020146801581298 0.21317632888309157 0.13076161245112963 0.09689506004803036
19 0.8075550047385275 0.4481177281795909 0.18068530699155863 0.1500593787889416
50 0.5862332702698172 0.44202340043293725 0.12802198966755512 0.08726569026483097
23 0.3574061927885562 0.42747365564437767 0.07648048080185313 0.12541955503444385
53 0.4603251517439064 0.449702640661122 0.1615918916639692 0.08505763646039195
6 0.7631410901769319 0.483909702298802 0.14219323411833565 0.08013806281018122