1 0.4023991711039416 0.6363800142354363 0.1602711460178729 0.1351545053670926
9 0.7396254131453974 0.6276956037585405 0.2227711460178729 0.14025633567247417
53 0.54567997773511 0.6432476643573668 0.176342187662829 0.12210499814161853
11 0.33035699822717174 0.6751606650486648 0.10271504018351042 0.08737211702002466
33 0.7609383067200923 0.8889543168134646 0.15596737466482524 0.1443774414974481
39 0.43617733709282336 0.9131410375472682 0.24807963156223012 0.12078018695552008
50 0.3894230769230769 0.9507211538461539 0.20673076923076922 0.09375
8 0.48682484344062493 0.24614726435438278 0.09246975437482 0.07456798928073506
27 0.7358067799120515 0.2399160536410861 0.13991677625843726 0.06647324336179775
47 0.31249322878673236 0.2789922310145839 0.14965814111248316 0.06966198648570253
23 0.7133941794532753 0.4372522401208204 0.08436613262336934 0.1026292461568302
19 0.7371857913240566 0.46695682543645517 0.23491635702576483 0.14364130303889355
5 0.3843396600922429 0.4973004289198016 0.20354037678710354 0.13868654173235676
51 0.5798070799857483 0.4987715156404129 0.08993992798231268 0.07196791888437423