33 0.32459561774784124 0.5493322625226592 0.17255038279826707 0.1245541436125864
5 0.493788234248825 0.5738165804485345 0.19916057880543894 0.1296695200264324
8 0.6848672986067204 0.6052606952945496 0.1639957378178152 0.08600869130391495
27 0.7427389832303236 0.9196191014420324 0.1719627736962426 0.10772722053566333
53 0.3277244778562916 0.879959008164827 0.19625306770700027 0.11521847182097772
6 0.46172554849677777 0.895233525069793 0.12894537539930795 0.11443527591440492
6 0.621512640775957 0.925839343509794 0.1067231509126681 0.09735661129608311
9 0.7974550009738034 0.17949937117469025 0.2566010540254505 0.12312929234195646
3 0.34444065000410934 0.15350797226168045 0.1462454290091393 0.05937058463496413
47 0.5171970636571462 0.17674841018706614 0.14856533100555339 0.05699470976349559
50 0.3419757859762942 0.392816535340072 0.1819978790987875 0.11985833643440458
11 0.8010989636938779 0.45601160707294197 0.0942002551988448 0.08279367796111838
39 0.5236912981911012 0.43158407377713603 0.19566545860497564 0.09839154874405477