9 0.7581115406856826 0.5973557692307693 0.2583787488736276 0.1466346153846154
5 0.38613370471040737 0.6706730769230769 0.20981207967213214 0.1346153846153846
39 0.557394476982971 0.65625 0.19681335665375682 0.11057692307692307
28 0.7221457159421659 0.8605769230769231 0.14264722105836933 0.1971153846153846
47 0.8192117276416339 0.9266826923076923 0.13667231833858787 0.05048076923076923
8 0.6845697035394509 0.18990384615384615 0.10601001368807471 0.06490384615384616
6 0.4550554606030425 0.24759615384615385 0.2614233551328597 0.10336538461538461
51 0.6858634941805495 0.453125 0.07687001216717758 0.057692307692307696
51 0.8043865749058694 0.43509615384615385 0.15594797203837246 0.11057692307692307
50 0.3609075820426459 0.5228365384615384 0.1729707935651244 0.11538461538461539
19 0.5700646396617688 0.49278846153846156 0.2934569489321754 0.12259615384615384