9 0.5670400008748937 0.6403749387454235 0.2938866921903847 0.1467486717881443
16 0.37291493394722275 0.6026619794152945 0.12438655833504288 0.08406348976194508
9 0.7807595129451393 0.6948329628345907 0.23082719078760705 0.11906999978280854
2 0.6622596153846154 0.9338942307692307 0.23798076923076922 0.12740384615384615
22 0.3626341772827999 0.8829319227511362 0.19521709960213693 0.1362006475903813
10 0.49191134819690246 0.9192685096733576 0.1175666708554488 0.10047038855422895
19 0.40521894216105786 0.1856409672295366 0.15692341156143177 0.1411720565338436
33 0.8023301386770836 0.280787683452643 0.21433596855235054 0.13251302004172724
8 0.6266535439553421 0.26215363098795846 0.09990049567435887 0.06343263958237816
23 0.6893813642726498 0.48185997911122674 0.08195657966997881 0.11760103636180147
50 0.567064961127885 0.48673879704158934 0.1848743631631411 0.10439061521086238
11 0.42247051598531016 0.4627133113488033 0.09319250847532054 0.08464723068235412