9 0.7211240773906675 0.5707397393869976 0.22924894309425525 0.11561006977426438
39 0.5303459214940774 0.6029975476179055 0.16831345189506747 0.08606463386867033
47 0.3856954835867911 0.6190989014836389 0.12448466289048071 0.06633038155510408
28 0.6661575935409226 0.8080780111883958 0.11313915626186216 0.1719317846300694
11 0.35633197007632 0.8849756430250373 0.07668751893123563 0.07538634052293657
23 0.37857397791279257 0.9051426081501425 0.07059509694040923 0.11376396513734204
8 0.6998633190208658 0.1865019670837107 0.09027125850127832 0.04670801437104837
51 0.6783758193764184 0.42945825631643786 0.07358422498319438 0.05131990770209741
51 0.7854868627814113 0.42340584194294206 0.12511416590525598 0.08796499693971946
50 0.37592373449511157 0.4594109599471353 0.15650405546409524 0.0931363159183207
19 0.5719770855924122 0.45232360812566796 0.2619935071156479 0.0847516677275508