8 0.5781897411528885 0.5739975517186748 0.14152142030566223 0.07373771899328588
16 0.7557467432033247 0.6019897393869976 0.12243054063373211 0.07832164104195723
9 0.3868741375838607 0.5690097302061562 0.2095285604075496 0.09855937643832036
5 0.49768864120742307 0.8238165804485343 0.19148685242691202 0.1392009907946843
9 0.6942886887132882 0.8864547527297943 0.31485239884668037 0.1670698338882499
39 0.3413208622115024 0.8629083148288832 0.1519761422740809 0.10269575796895006
31 0.4154991858008312 0.1478611414826599 0.17106702194601114 0.09811183592027864
6 0.8251893418191786 0.22004308604273237 0.24467697058278814 0.06772894567398452
10 0.5444068447121968 0.19806135582433904 0.1380684024605234 0.03765205540321595
28 0.43257655125118494 0.36287950148119147 0.12805184664087563 0.18892653540125792
53 0.7632895080897069 0.4480037291289557 0.18549009886908807 0.09827966361454443