9 0.44616279049367963 0.5454896302080855 0.21701744190126412 0.1305130121993171
9 0.8171164884767443 0.5952403695223346 0.1855576643840422 0.0922701070183902
19 0.6295317761147061 0.8294214462666184 0.21478141776119541 0.15919107274752983
53 0.760023940290174 0.9092026692211344 0.17588633909739843 0.08198234921124098
39 0.8928252598653822 0.17905583162743782 0.173566403950441 0.0962373328363768
16 0.5181539113090299 0.1487880014908696 0.16631290998545806 0.08852151448101492
47 0.7558829475191329 0.17541599576392844 0.16861885996460083 0.07186268470203303
28 0.8004302184331186 0.36573183848766233 0.13563630186586467 0.18489399391547254
33 0.8542090832027316 0.4148343546686023 0.18102967543264561 0.1400108434994309
22 0.48424053819546065 0.40225918408999795 0.21683563471967177 0.09926301219931712
27 0.6967641527097158 0.4246425426068232 0.14706815558687417 0.08477292194363965