33 0.4744128602134076 0.6028163849653254 0.16860694148899583 0.12454695805755843
31 0.3205387312971149 0.5977495576477238 0.14702827624465825 0.12606926118717446
1 0.6235062669530979 0.6582170576763245 0.201757236380342 0.1042836318217453
27 0.660313256520245 0.9376243744940154 0.06356305266527766 0.04821975677085259
27 0.7560096153846154 0.9567307692307693 0.10336538461538461 0.08173076923076923
0 0.546875 0.9362980769230769 0.12740384615384615 0.12259615384615384
48 0.3485576923076923 0.9050480769230769 0.3125 0.18509615384615385
0 0.6887019230769231 0.96875 0.10336538461538461 0.057692307692307696
6 0.6874120550333865 0.23854591523689964 0.1793952691721155 0.07215208879751532
3 0.3636201760877669 0.19407276987344907 0.14076588028974363 0.06337336273734574
47 0.5385414439157584 0.22526152483066533 0.14294592588247867 0.05385592734687555
53 0.39397095408712574 0.44073431593947354 0.3201051993215813 0.1331216053810149
22 0.5821693259015487 0.47005794547987306 0.1407099301494658 0.060969516583499445
8 0.68511508446485 0.4922986083050405 0.1145473731585473 0.07191130587867137