5 0.6319672631680638 0.5159459877615907 0.1706196671773292 0.07809087457761918
50 0.4009309327206946 0.5727246369792987 0.1539606324152703 0.08182024865831886
31 0.6520489116401855 0.5590307324587539 0.22294720787160435 0.1342104446432127
3 0.4292161823376977 0.621279837947581 0.16597986318450106 0.0825904759633136
28 0.6942611813638944 0.7925746239316219 0.10949330810792682 0.18210472405372422
28 0.7858171956036284 0.7807112810290463 0.11223293089150133 0.19187415413010783
19 0.4060629130416838 0.8722041107135746 0.20894385173568772 0.14530540264644942
47 0.5734240252850038 0.8530844896356857 0.12461081362452393 0.06554862620325444
9 0.8053379398465995 0.8741997722264794 0.2321428716998284 0.12280739571797793
39 0.5665177290415093 0.9134887344038375 0.18115843752446664 0.10514936411392248
1 0.37370637178922456 0.9402354482068309 0.21131716347784965 0.07590195510690897
48 0.3497672235128366 0.14907627177215457 0.2966575314781986 0.18450488539625823
33 0.7995802588330796 0.11185630902688834 0.1551358506193195 0.11547409481216495
53 0.6495764394841491 0.14905135837805436 0.17335928996090372 0.0878603046540028
6 0.4542772919205861 0.17835596379589283 0.23088370933834723 0.08674970341028541
0 0.39262051208431775 0.4329468870147929 0.1978174722865257 0.10141999003322319
8 0.7333103798768571 0.3955244542834407 0.16846765349577916 0.08514836757815877