6 0.6617091584332803 0.4904691155602761 0.12114346007703002 0.049973013089463336
5 0.632837039395086 0.5902645936954772 0.18688655833504286 0.09094882477315817
11 0.8280521291191244 0.6266535672081002 0.08329737315854703 0.07350087967006594
9 0.7033598548906521 0.6304027874412121 0.2934390910681624 0.13261738398419382
31 0.44645604220064156 0.6241336163528373 0.22579569791880352 0.1130940351156325
28 0.8304609999682165 0.8847937998923394 0.10996549129006429 0.18830317459565074
39 0.44050740165154983 0.8840401611977373 0.17045128624006417 0.10650067986371042
28 0.8822115384615384 0.9038461538461539 0.125 0.1875
22 0.5817307692307693 0.9411057692307693 0.22115384615384615 0.11298076923076923
27 0.4026442307692308 0.953125 0.16105769230769232 0.0889423076923077
1 0.8485576923076923 0.9591346153846154 0.22596153846153846 0.07692307692307693
48 0.34509380830571595 0.1353317411511245 0.19214386164305572 0.21372713118879363
33 0.7036585362107373 0.17929939708080228 0.12147916091869658 0.06439609001254026
23 0.8731856401971689 0.1945449993830995 0.07502479190982897 0.13046457708444728
51 0.698376272649733 0.21009401565709834 0.2809163090364318 0.11007200575217044
53 0.49908084244161344 0.20459073700551222 0.15518895721282056 0.06935007213912847
19 0.8285236855552888 0.4407197954239864 0.18398117079679494 0.17231528886496422
50 0.6067274177272973 0.4479091442854023 0.1340019429504275 0.08694146824456357
0 0.42917850318434864 0.44885293106684254 0.19639004266987187 0.08686974274339221
6 0.7971068400735046 0.482731889582139 0.15323271218119672 0.08839868880041611
3 0.4945019753902781 0.47179989659669125 0.15021341448429495 0.06177422853862698