3 0.7055202508596399 0.35687542211789136 0.1254055698666292 0.07991519907230135
9 0.7805211685633318 0.4744924354017561 0.22199295622273388 0.1622833995421189
6 0.5746357006302083 0.5525676850598373 0.2363181369711073 0.14663382192028387
1 0.866709199551274 0.7341571736268937 0.2052499441526998 0.17533290676759294
11 0.7280545055028613 0.8199592983407181 0.10873248363566891 0.10498393706700646
39 0.3267894164736869 0.20278269858905526 0.20501219629984802 0.13446752215220847
8 0.5169240178964772 0.14761752189193483 0.09899123250995095 0.08256442471233222
27 0.7346888649206835 0.09259961255974182 0.1566975253700737 0.08967765268653047
5 0.3808331980766316 0.41221184870352556 0.1856555605587457 0.11126311282747582
53 0.5504092406813964 0.3803491934523952 0.15926919353769714 0.11872003077519899
51 0.3938725447411931 0.4423826153696949 0.30130589413184217 0.16635495339125678