53 0.5302882121299284 0.6402136094647874 0.167939975821899 0.103767189666459
9 0.7321553085860008 0.6508202509984675 0.2256322835142067 0.10645425208267521
3 0.33948867850401004 0.6505994649088448 0.14166229560325705 0.054570657249445716
48 0.7572115384615384 0.8918269230769231 0.17307692307692307 0.21153846153846154
31 0.6148804348836703 0.918786488830614 0.14926901126117473 0.1148907329636176
8 0.574338033658827 0.23754304542572824 0.08888964115265069 0.05451136285509362
27 0.7998517283843294 0.2576827578379599 0.13159906725183662 0.044507428898025087
23 0.7314967986913371 0.4580647149547391 0.06686647642635152 0.09666098428423425
5 0.37237205382918354 0.46181522809508874 0.18202716994294887 0.09722741680897465
19 0.7757703639393014 0.49024004962398726 0.17196394159152817 0.08716418845755396
6 0.5972139829506319 0.49637801743039733 0.20002636889961886 0.071680796588739
51 0.37594817586277673 0.48848145765541445 0.2605703664818088 0.08409520455434884