31 0.43400025317218077 0.5925480769230769 0.14525514594892888 0.08413461538461539
51 0.7997542232219464 0.5721153846153846 0.1772887397482443 0.10336538461538461
8 0.6188025593435913 0.5853365384615384 0.14476539982435646 0.07211538461538461
2 0.6699750548095005 0.8677884615384616 0.28555976589623594 0.10576923076923077
48 0.35166144498356283 0.16466346153846154 0.16570619034768647 0.17307692307692307
53 0.6503750380224298 0.18028846153846154 0.17930078900243274 0.09375
39 0.4889969656620445 0.20192307692307693 0.15217283673572377 0.07692307692307693
11 0.796003628779951 0.18509615384615385 0.09919027212619423 0.07451923076923077
23 0.8145813674750075 0.4050480769230769 0.0817225889438847 0.11778846153846154
1 0.6855572689666309 0.42427884615384615 0.20505745212033916 0.07692307692307693
16 0.6539379143014806 0.44471153846153844 0.15649078291884394 0.06490384615384616