47 0.35974070814815534 0.4979482052429306 0.14222210027330215 0.07066100287608525
31 0.5042580075686423 0.617888054272862 0.1618480467004506 0.1320322247086102
53 0.6636659330633754 0.620385815528002 0.18085489406320165 0.12868175295677056
5 0.792508879871553 0.8409408292558016 0.18096685499721096 0.13108559911061646
2 0.4951923076923077 0.9266826923076923 0.22596153846153846 0.14182692307692307
48 0.6574519230769231 0.9074519230769231 0.31490384615384615 0.18028846153846154
6 0.8808683635513349 0.9123110916262436 0.22535569510653167 0.15840280689974626
9 0.7274796389253554 0.1904630785367803 0.23122370235996215 0.1301031107620373
50 0.3398216036765941 0.22456520907294739 0.19013439587655936 0.12219882477315817
23 0.363455124385586 0.44912474051278833 0.07748950944781718 0.12084919246906267
51 0.535442085319595 0.46455249538456717 0.23351558757979915 0.12788141717767273
39 0.7611500547159396 0.45051591320057593 0.1848788598328311 0.1122191350188104