3 0.46168024781859884 0.46498879121296915 0.15480113571257803 0.07299645018771682
6 0.6238542355390337 0.43639356903233223 0.12768706241621622 0.058419536418677115
5 0.6194450343550681 0.5482283558574376 0.20511727746968125 0.12135307662093589
11 0.8085091735038468 0.5290946814462225 0.11220367054740112 0.08716779409012733
9 0.47479938251278647 0.6175980590626629 0.3396799955454091 0.17260303008151878
22 0.7635934898490044 0.5714346999109187 0.2693493580194733 0.10730759922885834
28 0.8587266100363313 0.7812747649150319 0.12836545587496537 0.17618002762150908
39 0.4928447983033706 0.8759765576815876 0.17537543615145537 0.10195448537638896
28 0.9208643939644758 0.7989469892896006 0.1561512947753813 0.20518001831362545
51 0.6481991108312986 0.8558367525428565 0.1635801272502425 0.10669225184500747
1 0.8882211538461539 0.8713942307692307 0.21875 0.1658653846153846
2 0.6533196665985369 0.9399643753435646 0.14686516510732872 0.10899820182414999
48 0.25481763408973507 0.15360760463815287 0.24414524845596003 0.2369334843549583
23 0.778292977030804 0.08684292980978937 0.10057961697454942 0.14718003692939247
33 0.6023116975243418 0.12874321684346896 0.1665437780741339 0.1187254677820529
53 0.42345239485816893 0.18628948162887068 0.21657670356886705 0.10940377169077906
19 0.7880368922169356 0.3476742226699118 0.21831541197335452 0.19833209421527195
50 0.558640839852989 0.4043122529025013 0.1416096290636002 0.09935484687313566
0 0.39118498281899733 0.44856743800267523 0.1972339734040888 0.10688804419441447
6 0.754162438122419 0.39475900018713383 0.16805193675590802 0.09950868371909859