6 0.8212572869905759 0.48879037980777523 0.3100757106075855 0.10912718189588438
1 0.4898686828082956 0.6360465420745959 0.1796278954873033 0.13508058283134317
9 0.8496267343339211 0.6414227563065609 0.22998268447941136 0.13561690666997242
53 0.634351412516387 0.6492547200750742 0.18583159203955246 0.11626983788521326
11 0.39927329958446656 0.6679158458063401 0.10068913474564777 0.09213878533365207
33 0.8798076923076923 0.9242788461538461 0.16826923076923078 0.1466346153846154
39 0.5863970192721086 0.9460252747915294 0.17736025119140236 0.09181135206211238
5 0.45552884615384615 0.9483173076923077 0.2283653846153846 0.0985576923076923
48 0.35864122221022693 0.18984233165116007 0.3063916188285595 0.17601484991893734
27 0.827391222210227 0.21714391015271478 0.16698898514405103 0.07682824275951652
47 0.5849755905781068 0.23298116544549524 0.16888891034325226 0.06735286623901164
23 0.37389505270751106 0.43517464743834755 0.07715459416183088 0.10035408900023918
8 0.4269584168308341 0.48739366358466885 0.14813615662926502 0.08291971646201682