9 0.5902663116342348 0.6223527047119549 0.21311254246928285 0.1466478710940057
22 0.7764557415506504 0.6801965623174904 0.22596816631623376 0.11366579054421368
9 0.38904133358504045 0.6021866590298947 0.20651347521744634 0.10796241076444921
39 0.5337398301159312 0.9279440879279198 0.15603270598667726 0.10561123115025978
47 0.6959134615384616 0.953125 0.18028846153846154 0.0889423076923077
2 0.3514657189624836 0.9026641143333164 0.21311254246928285 0.14664787109400598
48 0.44069751447395195 0.19202796812162204 0.30138308455753643 0.13636734872926226
0 0.6854452923575712 0.2454033301488399 0.21590493796481305 0.10360256219279297
50 0.38251795221534174 0.4363772548815146 0.1512250136789848 0.105387309282242
16 0.5776510011430877 0.4802458793000092 0.1482613628550937 0.09325611757900222
6 0.7607648193016031 0.5235546990484589 0.18191520900893957 0.0948235706551285