31 0.3442974421341875 0.5961538461538461 0.17324678337585483 0.11057692307692307
51 0.734501811143055 0.6658653846153846 0.2098080269460469 0.13221153846153846
8 0.53456395926079 0.6322115384615384 0.1632397477785257 0.09375
48 0.6522914459637279 0.8930288461538461 0.26448304681955154 0.2091346153846154
2 0.42325465966500997 0.921875 0.30160178191442316 0.15144230769230768
53 0.6787188427935361 0.22235576923076922 0.1804023716971155 0.10817307692307693
11 0.3756953569972755 0.17668269230769232 0.11751072071517098 0.09134615384615384
39 0.5085772922030981 0.19951923076923078 0.18750200987809834 0.10336538461538461
1 0.8171907673318908 0.26322115384615385 0.20880092442104717 0.0889423076923077
23 0.796138603724946 0.4963942307692308 0.09453531184198738 0.13701923076923078
16 0.6183938636910253 0.49038461538461536 0.18224671644818385 0.08413461538461539