16 0.5745248386453828 0.6509893652353185 0.13711182178233045 0.0910635285109791
9 0.7992607454891083 0.6217771526960908 0.2571404128388683 0.1356980986669143
2 0.38910237310291973 0.6882898670970706 0.23989346547730575 0.1276046985347474
22 0.6418269230769231 0.9411057692307693 0.3076923076923077 0.11298076923076923
10 0.8449016243265413 0.9352117828667653 0.1625503642695896 0.11636179243605227
23 0.7785672592316247 0.16980130727296747 0.11064580554913252 0.13041715026242975
50 0.31687805690306886 0.25169728281590903 0.1864488177131713 0.11521774866881754
11 0.6883767329558441 0.20727033625414298 0.10303795134384494 0.08208826670818435
8 0.5167354536390539 0.23564834481314678 0.11944485013612868 0.07575858991727397
33 0.40595076157027205 0.4818110583436236 0.16663430756199288 0.14533392652086702
9 0.7929344295281677 0.4406068294870012 0.25585663144406 0.15480288765902223