33 0.3523708349902352 0.6131758032767866 0.15694925839073987 0.13294688345576125
48 0.5122056264692822 0.6298304846347812 0.2746118534188682 0.12092725595436458
19 0.7598297506510657 0.6452338893060999 0.2506293325516658 0.1285803981446027
31 0.5779399873978099 0.9057574557328844 0.20730416111117586 0.11543297716395393
0 0.7534277492124866 0.9188799023595321 0.17363632978951507 0.11028199161490229
39 0.4046742645553871 0.9240812333487511 0.18812933255166578 0.1234785678392214
51 0.8389423076923077 0.9639423076923077 0.13942307692307693 0.0673076923076923
51 0.6995192307692307 0.9615384615384616 0.11538461538461539 0.07211538461538461
6 0.3581722755679275 0.23606629348671238 0.21909962919536993 0.07795255991498884
3 0.5517378316238021 0.24224696039375865 0.14691431874091138 0.06004660187031792
50 0.34113477361863304 0.47757929744882854 0.1567814363769623 0.1041007296096074
53 0.5539450840730916 0.48292591214214603 0.22408912868465472 0.10959500840001819
27 0.7438419376430304 0.49962955037772805 0.19268529183869168 0.0806017855550197