47 0.34111284660500885 0.46796572304479606 0.14928020039649967 0.054747400775359376
31 0.4789253948773267 0.5939614248741252 0.15863340291527778 0.09582261972900241
53 0.650732293948354 0.6106299609199553 0.19557295689359824 0.11369871449721813
5 0.7561933453341995 0.854331317681535 0.17672012837881249 0.12035069472340063
2 0.42925493598219633 0.932458340236333 0.24124603381667514 0.11502766530618877
48 0.6015759776271524 0.9129992391950512 0.32448856591137837 0.14625194165260616
6 0.8437294271626661 0.9167870965556983 0.24630568660168978 0.1199752471727202
50 0.35446343109584044 0.17145330876868503 0.20443246007701588 0.09955541669181926
9 0.7807681826875493 0.15182657196018365 0.24364987997052132 0.11509761008560836
11 0.40361795741465095 0.4432756479286406 0.08778804230578885 0.0721596057412213
51 0.5370314189531125 0.43939371267085786 0.2568131545069866 0.0914788172236639
39 0.7784289870566592 0.42875849310842784 0.1864717148521423 0.0774311878512674