2 0.795762455042091 0.4090946501493756 0.2301696341151763 0.10602265644125726
33 0.4088718319137529 0.6275822912280444 0.180444132116878 0.14870449028055843
23 0.8160990621840428 0.541096403993082 0.09116615009902773 0.12843878360181768
48 0.584037906464326 0.6075115414606329 0.3515368019468833 0.17472891286783002
31 0.6940450255935325 0.8490692665744798 0.23096686063834027 0.15169573336433417
19 0.4996001392293202 0.9354835414728703 0.23754900973948606 0.1157219549037746
51 0.8076923076923077 0.8834134615384616 0.3798076923076923 0.18990384615384615
50 0.717934523600304 0.15153431272343104 0.15809620879048444 0.10758736412377523
1 0.5408471347388524 0.19927726454245087 0.20604725399532925 0.10093525130978889
53 0.571422432564404 0.4357484265901434 0.19453153471441234 0.12964154874405465
22 0.41263662524630185 0.4989065937913312 0.21102278346579284 0.11060657848992889