31 0.38867408867974657 0.518575374889967 0.17836618122230327 0.14089896549961706
5 0.5709705093289543 0.5563008114688915 0.19548695197396965 0.14918882218814827
28 0.6002900487259117 0.8026646016270538 0.14147183035939592 0.17689577658517225
11 0.26551876337935243 0.8084519207059084 0.09497027516798849 0.09479603521026793
23 0.28227017946586863 0.835094855978646 0.0917297704589273 0.13294948274980867
9 0.559540965426507 0.896860596501688 0.26990823351828613 0.15156038532526958
8 0.7884451778877697 0.18566619371326146 0.10890360596649301 0.08370107720703099
3 0.564424271833455 0.15905001424028023 0.1616902721261941 0.08468623119516189
50 0.5610470150912031 0.40148380273731293 0.16585720432850037 0.12810950742539154
51 0.8113857472349615 0.4529248125621129 0.14363489359439813 0.11230002135332412
51 0.6949726649887444 0.43507861007467813 0.09448052904341608 0.08277680444103716