9 0.779293433445155 0.5114777372681362 0.2453899375614172 0.15327634989843744
8 0.41199967033401574 0.6272305494534464 0.143589213286022 0.10343713661241558
39 0.5978720710579869 0.5795285302239446 0.1921276885605662 0.1307186301185797
28 0.7009829701604003 0.7988151879419598 0.15985849899958338 0.20945812312580314
0 0.8535432823482455 0.8009584652906573 0.2188637112877237 0.14800710539312417
1 0.6679706799513014 0.900322197182505 0.25968713661241555 0.14631656718105618
28 0.6883513523982114 0.08352955919293252 0.14252806443434643 0.16705911838586504
6 0.45082332230407174 0.19279084790520884 0.2447605482010245 0.11721865759074514
51 0.8145566289984978 0.3498535945360906 0.1510105482010245 0.11558224525372474
50 0.3594385626905882 0.47194561313938155 0.17040915459456515 0.12553330419465206
51 0.7034552147879143 0.38183179883103774 0.09745458416532397 0.07619760239694393