9 0.7668389346985983 0.628290836005939 0.23289045158790217 0.13484083900503363
2 0.5141201379480993 0.6313634667409057 0.31690930835314046 0.0877708820937043
10 0.329086974221276 0.6280077549209069 0.1382688115365582 0.07127793027468435
5 0.5213300160060121 0.9068555928976887 0.22390496816582336 0.14674818464475392
9 0.7113019630888311 0.9307139252313239 0.2445317416411492 0.12776915695538313
22 0.3480641225710973 0.9084474297972702 0.20822208885613483 0.12254189541202666
23 0.40274299655605594 0.163436935440417 0.07993638103166052 0.10423249436909042
33 0.795210042445569 0.2016780719041908 0.22226722506322824 0.1154981846447539
8 0.5463489754031615 0.19998496725503148 0.10904471697442088 0.06373073642461471
16 0.8241242972206955 0.22366232831852623 0.18141206206712795 0.06937756720363521
48 0.3692713495469339 0.4119972564632843 0.2304763838147717 0.1804579733633553
19 0.7950824018032823 0.4794901303676872 0.26187280729200124 0.09193523490671177