57 0.5123478533911844 0.3748049568114039 0.12384573461348115 0.07811620335859495
21 0.3577458181130636 0.3784700626662485 0.10575900914994658 0.05290108873454549
21 0.27734295219787863 0.37043509103137445 0.04275508819530193 0.038915278372691514
17 0.009997605939197414 0.3262842103976127 0.019995211878394828 0.037570531989162465
17 0.04777053369592884 0.3314615959674875 0.07691285530379274 0.05088396915925199
56 0.9263593100941463 0.6003868854364751 0.09309965556812581 0.08554637510074496
36 0.7705502409294603 0.5810473595318401 0.11182650384425039 0.07727573686888925
56 0.5459847067124788 0.5846454520540841 0.20619618341827214 0.1413555898829601
36 0.8422349163288151 0.6403447902295535 0.07096111922886578 0.07441815080389019
36 0.6974321252144287 0.6181559149348844 0.07336496538271192 0.07458624410183144
56 0.9144813919925029 0.6659043281244503 0.0953775214833108 0.08331062224483979
36 0.7743603129471476 0.6464554855795096 0.11005255888371004 0.08912687434017905
53 0.5385416510121863 0.6806312049099892 0.04009928156413345 0.03393949276705809
53 0.6288799629490509 0.7062495194625213 0.04984064641817936 0.0370157121126687
53 0.5171641069145353 0.6972312580313358 0.05464833872587167 0.03735189870855093
53 0.5839678782675831 0.711553254989072 0.04225116724065741 0.029299893757307034
53 0.04139319921461416 0.7987575329436527 0.08278639842922832 0.07828429665653622
35 0.4595278885295251 0.0936560367767446 0.22998268447941136 0.138228830554679
53 0.029442069374356058 0.8532895746413792 0.058884138748712116 0.1008099185135276
28 0.09306733030664782 0.065617962686876 0.12155764707901205 0.1258569398396358