57 0.5686737251100689 0.2702925418369938 0.12793804551012292 0.0863164985006426
21 0.41457573879161863 0.2657663979797965 0.1053800443937547 0.05949655719209938
21 0.3360310180044582 0.2551108441580827 0.04461233728814416 0.03921680569400939
17 0.110584582154544 0.2049265197309775 0.0788537925440149 0.05663115884063211
56 0.9567307692307693 0.5180288461538461 0.08173076923076923 0.0985576923076923
36 0.8132174058263829 0.48851532093451916 0.11591881474089241 0.08610670204717835
56 0.58923999273153 0.4803983041997216 0.21433915314540478 0.1526889198287378
36 0.8803457721521794 0.5510843431627358 0.07720544380705754 0.07822381493455474
36 0.7374275750286391 0.5223099413136129 0.0796092899609037 0.0782657742252475
56 0.9483173076923077 0.5817307692307693 0.0985576923076923 0.09615384615384616
36 0.8118361567675639 0.5522801829474815 0.11625459137062076 0.09572208666256297
53 0.5780907379483046 0.5744000599438787 0.04204060281943383 0.03436715409562433
53 0.6657624456120992 0.6053414485558599 0.05190781990711457 0.04174652971993408
53 0.5570017595869977 0.5904026935601141 0.05663156805737493 0.03942660214747357
53 0.6201733128464545 0.6085425212328697 0.04436050481584776 0.03200526723247093
53 0.07124551052817878 0.6626223526476818 0.09917583582140124 0.08821683316617496
35 0.526541519055582 0.033630136739685526 0.2213522688803947 0.06726027347937105
53 0.06103107914373786 0.7145148414088384 0.07589287169982849 0.10943185564386172
53 0.8531213131195087 0.9424226511045141 0.16631563981422942 0.08458400099788194