56 0.6586998848388078 0.2082002690227174 0.09342074505266823 0.1034141431268889
8 0.33732200992757233 0.4510143000134284 0.0839173213712925 0.10503309231067649
56 0.5782104495152283 0.45981941657258774 0.1009088719218816 0.05852596317387068
8 0.349252299105275 0.531616680666697 0.08061778774537433 0.08560609883739244
56 0.4156939511380712 0.5298013088743119 0.07077848126197167 0.08001350955964143
43 0.3382307749600825 0.6646376937201292 0.07698237131742894 0.05896756690256994
4 0.6235640351240638 0.6517344620291678 0.11477877202960858 0.15065701399008338
48 0.7232940033115033 0.6864181879070916 0.11069551186562712 0.11440309743987626
17 0.06321937217821347 0.7500487585115043 0.12643874435642694 0.16503093566948998
41 0.3861561481237778 0.8531431941884546 0.08039386587735628 0.08079840652970013
26 0.5855370846891711 0.8464951557343763 0.13165836164618866 0.10174603869943155
0 0.28253719444319914 0.8760536638815812 0.06541098428423425 0.0676018303053813
13 0.6659243227118321 0.882012933826029 0.03578110390001727 0.04842021631828239
25 0.7284243227118322 0.8871147641314104 0.0561314824708767 0.07402847179686106
0 0.44018339219096414 0.9106390792721647 0.034049023350225235 0.06264706899884451
11 0.6904929417231627 0.8984963652955099 0.03667679137208943 0.06765098554905162
0 0.24745418941706426 0.9298950212230176 0.06127505758059607 0.08163245874342916
0 0.40831760705391457 0.9213093179656279 0.0561314824708767 0.07402847179686106
0 0.30296657282354383 0.9296004864931628 0.05350371444901258 0.06902455524665421
0 0.36099476331787855 0.9270983298519765 0.056019521536867685 0.07162462564301492