53 0.5083725601040399 0.6199824680835972 0.09555797051747507 0.10921911213334486
53 0.46112820543888955 0.6373342511713105 0.07323771055845868 0.09100577990743129
7 0.5617652737042929 0.7241019384956144 0.1605067011403363 0.17332044796547144
53 0.8166586448065731 0.9190551594400451 0.14932412892632058 0.1342427276599375
53 0.5936437633793525 0.8592099001050644 0.055431295232391056 0.06588900014197699
15 0.38029324117997365 0.8011827456910023 0.18826723322554692 0.2662070564216148
55 0.7043269230769231 0.9050480769230769 0.14903846153846154 0.18509615384615385
15 0.43589799262768597 0.8419083839480942 0.11905362117546513 0.15627859820541254
41 0.5321722302409542 0.8804451027344761 0.11340927031255778 0.19427800028395398
53 0.6272935193897564 0.9201067218672814 0.04802385832102374 0.06061917145128767
53 0.5584410817179405 0.9073029646903498 0.05572514290713434 0.07310053860351545
41 0.4552715955523847 0.905486702175087 0.09374181971311575 0.12348814359542305
53 0.6110277592843704 0.9622206116790202 0.04841565522068145 0.0702345560666723
53 0.5817307692307693 0.9699519230769231 0.0625 0.055288461538461536
3 0.5919522012867058 0.14102949982962926 0.1409371997658087 0.10493443743078662
8 0.8882211538461539 0.3425480769230769 0.21875 0.1658653846153846
18 0.5859078732372566 0.28689388790924986 0.24366182427580713 0.15467357756197353
26 0.566317921145518 0.512208803915724 0.13558669657764463 0.1501453779708667
32 0.649122041706904 0.6026288425902279 0.09550490576157572 0.16675737436465368
35 0.9082660322887818 0.6959577611096937 0.10001875039452475 0.1598539268251131
53 0.5800471732073095 0.6137865242212582 0.07814335209106542 0.09371771698327518