35 0.23538399567505183 0.6256515018173883 0.061285215096285484 0.04436558698737869
18 0.23987332338469183 0.7387022750955973 0.04700202773204755 0.048333230725792584
17 0.11038038258438733 0.7419591456643976 0.0374565878960825 0.0501770445001198
17 0.11238667062463475 0.7696733804810681 0.022543897517069002 0.032510072853918034
17 0.07936232748556418 0.7893478825373669 0.01993021702496433 0.0251585262974997
25 0.3655341856985127 0.8924072992716409 0.030035215096285484 0.04254548175394199
25 0.3407834145390646 0.9077641373523265 0.0374565878960825 0.0501770445001198
25 0.3084713810209806 0.910681720379142 0.0347030178451388 0.03801780563600916
25 0.27629923706173554 0.9184069957136496 0.0347030178451388 0.03801780563600888
0 0.1667015408966856 0.9456204695030266 0.052369278275095965 0.06784401614632128
28 0.15791219978861232 0.23117627920819458 0.08492250543048385 0.1969279594387246