53 0.4996080937851445 0.5466094970961424 0.08345110014917527 0.1028410204221716
53 0.4581133198093674 0.5848088534610745 0.061564729020402956 0.08728412135114433
7 0.5799542064230503 0.6216530920585862 0.13962070679218627 0.1562193351421476
53 0.8801473439111471 0.6911791105681495 0.13414166583340867 0.11750583620328679
53 0.6499716265037935 0.7380659925910593 0.04668009989970465 0.060085932226869525
15 0.430697135370133 0.7795782712323014 0.14855257617213077 0.2551549681658234
55 0.771198020110253 0.7413193751540554 0.11874135864004168 0.19835474376342788
15 0.49410534341220624 0.7930667179847037 0.09862944430472312 0.14686613262336934
41 0.5974917076729374 0.7864476446453511 0.08259974775096388 0.19165734787581812
53 0.7008990515790148 0.7786266482290751 0.039426602147473705 0.057304145357040155
53 0.6321167008048959 0.7978420850309182 0.04440213161793703 0.0671714904497471
41 0.5328037412647327 0.8462765055852562 0.07885320429494715 0.11460829071408003
53 0.6976350399659654 0.8280314746215824 0.03719059315639857 0.06679354973376334
53 0.6754759334476899 0.8592133736926097 0.051655629370168515 0.06995327731957673
3 0.4363041602152543 0.045581211948284864 0.13600004120824793 0.08638181644194785
8 0.7811992276483155 0.09955544219646291 0.21608223151764194 0.1338083950869968
18 0.4734290846667996 0.18893523031806805 0.23746509115810055 0.12051914031187025
26 0.5211046647133266 0.4157939628791609 0.11769237637272106 0.13825858991727402
32 0.6271527141642381 0.4630724576433548 0.07011896478411199 0.1645851389902046
35 0.9014429314468567 0.43428763351290595 0.07475881992903301 0.1552217148521423
53 0.5651413292993831 0.507150338344599 0.0663304620374025 0.08513223567462037