8 0.6697956240422891 0.06878024475985355 0.3006684873937138 0.12775714660137202
54 0.5500828906703726 0.2654428902386086 0.16261669961943917 0.15897735389503403
54 0.4370307045926386 0.2986439972558253 0.14299413348901224 0.14902629495410671
53 0.12524089002769273 0.6403854108401977 0.08118795835029759 0.04705773351594025
20 0.8038784766902318 0.521644675954705 0.09408873214375837 0.06890214535401995
53 0.49631474074423043 0.6122890646888866 0.06436103527337454 0.04676401848109057
20 0.7174644967546345 0.5495765384666081 0.09659052752251895 0.07134795079855885
20 0.6457674414168574 0.570045106772816 0.07716385984192087 0.06620458416532397
0 0.09569073951607238 0.7465952141617034 0.13573771055845862 0.08884622252656708
20 0.762919232993375 0.5836141015288672 0.0692666768059814 0.04925178321632236
20 0.6764562784453202 0.6127478871176935 0.11361334904927116 0.07644935814110099
0 0.1667286826573981 0.771778743133226 0.11371129827418545 0.07885320429494715
0 0.06900764890492074 0.8119186532224778 0.08457129675328824 0.07113815434509482