35 0.24845430308017047 0.6050087973673762 0.06516015380271553 0.049313287389950874
18 0.25036699932670703 0.7201133965622322 0.05101709306939821 0.05328093112836449
17 0.11843547705492807 0.7172206436515373 0.03885785420528767 0.0501770445001198
17 0.12004557014604542 0.744864874420768 0.02599857486677828 0.03505392710264378
17 0.08630986567431433 0.7620655262757806 0.023034696333413048 0.02529853439237957
25 0.37478213683106737 0.8818818620395379 0.03377014570783579 0.04508933600266774
25 0.3504518048324013 0.8960367770433003 0.04140170845401359 0.05272089874884555
25 0.31580604774395166 0.8976124288983129 0.03589397567192247 0.04042165178985503
25 0.28377414895166797 0.9029338580789746 0.03589397567192247 0.04042165178985503
0 0.17013963475304963 0.9262615464478225 0.056804842041248874 0.07038787039504732
28 0.1794698783596122 0.20210825894927606 0.10042297147244869 0.202295684125936