41 0.46235687784608864 0.7779539584503816 0.22523596925034867 0.1546431360936073
0 0.08124852090783759 0.872042977030804 0.06853842873230703 0.10890413692148335
0 0.1820562173162992 0.8899664901053363 0.15049296822209707 0.1319415779085587
0 0.33115062141951596 0.8921003757062027 0.15292478565832085 0.13445738499641388
0 0.49114624706217325 0.8875265470485713 0.18431464207020895 0.14793210790776193
8 0.4255918122949656 0.11362306578659952 0.293047144640838 0.20104727301509037
8 0.430104964072379 0.24250873735239126 0.2519020472016773 0.1751054755984756
8 0.6817544276673438 0.2157471164947945 0.28304016207216687 0.1669455831252082
28 0.35927373225042214 0.4388370815023652 0.22277618053174728 0.14972348285190598
28 0.629384754810772 0.47907691734760977 0.3246328000293693 0.23134891900336135
28 0.35080348608189144 0.5466742756234151 0.24701044104685216 0.16767001526891925