41 0.40720827271951515 0.7343110103473287 0.20558563078391542 0.11292883884668825
0 0.027166192772869323 0.7516764943302351 0.054332385545738646 0.10241624210876064
0 0.11579744809776718 0.78795597732094 0.13338633232139793 0.1040387961768161
0 0.2560448357856695 0.8171348171916131 0.13341430360377557 0.10644264233066253
0 0.4071514880894459 0.8424561122002667 0.16474821745090842 0.11438153261581209
8 0.5383627969079028 0.09921803966148458 0.26372547899426474 0.15273318067489342
8 0.5092640594550365 0.22486146627467907 0.22981989129902017 0.13031526332638912
8 0.7529327743230786 0.24682675780571517 0.2609020636047546 0.1166195382269233
28 0.3954992522523802 0.3981362247206727 0.20315381334769164 0.11046904255256429
28 0.6384267281374156 0.4838034393286319 0.29519924925328556 0.17269130172927374
28 0.35951064608531785 0.4963032709854698 0.22492828514419513 0.12299182458429506