35 0.20791411862141837 0.6022986081365423 0.0603478868668202 0.04747156321775902
18 0.20618156052268244 0.717851316819099 0.04835662643321907 0.0514387890357459
17 0.0740259627324032 0.7367118328212457 0.036337395663988234 0.05059832254604019
17 0.07538871523919642 0.7642720169415059 0.0242342538878687 0.03533477913325756
17 0.04185374301177603 0.7870580154203741 0.02177446706276335 0.025551301219931696
25 0.32965877994116843 0.8607208663164089 0.031501733020666424 0.045454443642465384
25 0.30331436842356435 0.8793968156706844 0.036351380831802955 0.053002168699886346
25 0.2696884926053478 0.8865578141495525 0.03387760883888287 0.04081484463271433
25 0.23729251019968392 0.8984424582871424 0.03387760883888287 0.04081484463271433
0 0.12445858523097006 0.9315832279057603 0.048356626433219 0.0514387890357459
28 0.14548943433410091 0.206260555969686 0.0852813991454287 0.20299865004332412