8 0.6769017753820777 0.05178169707632269 0.29655663540194754 0.10356339415264539
54 0.5658408744946806 0.23452405265967352 0.1583226197290024 0.16640450536709273
54 0.45486639330415873 0.27129271070583644 0.1363382804472895 0.15261925641522994
53 0.15661663083348482 0.620928644516945 0.08051598432705472 0.0473407846183688
20 0.8272804590204348 0.4830531643051451 0.09323466289048045 0.07236036736940357
53 0.5241253132542684 0.5812909507968158 0.0637590060295512 0.04837106107461221
20 0.7426083959633817 0.5128556633759543 0.0956385090443266 0.07255659161191826
20 0.6721845478808568 0.5354712016070602 0.07393394888029164 0.06838672727544015
0 0.13077810250236988 0.7266487200425055 0.13218581480795566 0.09232687832656147
20 0.7881287215008281 0.5452832071971253 0.06863664311666294 0.051167355713487586
20 0.7035266032231946 0.5774895524217807 0.11020147552624265 0.07854162937469862
0 0.20253090139386554 0.7497062587344766 0.11027142030566221 0.0809454755285449
0 0.10972515591602891 0.7898109272694719 0.0715301027264457 0.06819050303292548