8 0.7474343979399981 0.1832647514872895 0.30122642904345187 0.07050522936773249
54 0.6024068608001252 0.3461615561808668 0.14167027798040935 0.1393162574315815
54 0.4837314267813934 0.3480159357725939 0.12218754827231794 0.13383701186443248
53 0.1274599354611436 0.6007135355280527 0.07843483978701078 0.03153236688398063
20 0.8198833863882129 0.6728824317879843 0.0891840465503457 0.05350275889832436
53 0.5021296524355645 0.67618290785131 0.05945603103356398 0.03566850593221624
20 0.731256029292558 0.6757861133476126 0.09171387294285328 0.05599054920960246
20 0.656925768881319 0.6767896136979872 0.0700792575582379 0.05523505179271382
0 0.09416358678471257 0.6979281213168316 0.10904471697442085 0.06619354292701182
20 0.772048202169328 0.7216003737126798 0.06438970357991745 0.038240240400926565
20 0.6812059692778186 0.7280258803456452 0.10613694986593021 0.056494214154194984
0 0.15045477942282126 0.7418841725513612 0.10626293010459123 0.058898060308041136
0 0.06467219931632667 0.753285259806883 0.03882925755823777 0.05414377774609683