56 0.8402331806748933 0.2036908563836584 0.09609990589166656 0.10751717708124257
8 0.4542790124490388 0.37996043218858316 0.08894431757040604 0.10941674334126525
56 0.6903604917275111 0.4368886433316306 0.1023043418282053 0.06475222620583529
8 0.4441341113791137 0.46132974483213485 0.0860928702943377 0.09001788081255505
56 0.5106315315918273 0.4735341022156768 0.07396173924455131 0.08436972201515704
43 0.39544475157628256 0.5935495199686385 0.07826588028974363 0.06307129322642388
4 0.680553301377351 0.6362145108115851 0.12125737023568398 0.1572750331375768
48 0.7720962856535263 0.6900071659849464 0.11555447568354701 0.11847730808015637
17 0.09144213832516078 0.6184190913889608 0.15043922492350442 0.17371522963594735
41 0.39036132832339815 0.7889334316219414 0.08357712385993593 0.08504209520692149
26 0.5897696637511225 0.8219407345417983 0.13696529050705145 0.11037476314624192
0 0.28204837604962674 0.790488014644677 0.0688742962354701 0.07201430465004403
13 0.6595941074322658 0.8736404601658605 0.037176695113247914 0.05059832254604019
25 0.7189639143938577 0.8899548666739953 0.059426762040918776 0.07855346991981804
0 0.42804157469914605 0.856123570614363 0.037512395954914624 0.06502139946911711
11 0.6781265048486118 0.8940143758159174 0.0376242962354701 0.06982909177680942
0 0.2325467342737187 0.8360852815937485 0.0643463546291667 0.0836973488233923
0 0.3944157036154387 0.8596787998624619 0.059426762040918776 0.07855346991981804
0 0.2869689735769238 0.8467262593131498 0.056855065466239335 0.07117383816033833
0 0.3449969821108982 0.8571150970856396 0.0593148617603633 0.07374577761212574