56 0.7699024708165836 0.28359489532716425 0.0891963631564028 0.0979036463474905
8 0.4097267189439237 0.4080786227361987 0.08212471425370346 0.1021648809467382
56 0.6278950501456493 0.48604365976683983 0.09528878514722933 0.0599885655943968
8 0.3979080737768245 0.4830711663044263 0.07675746371065505 0.0825698065770058
56 0.4588214544130942 0.5009372106723603 0.06700218953643144 0.07703350399138714
43 0.34993968095969524 0.5998936514613249 0.07358422498319438 0.05594534631521652
4 0.6153327360585183 0.6693914328276259 0.10975608319614266 0.14503394382642
48 0.6978935939061948 0.7298533112210195 0.10630306535100413 0.10879409894924609
17 0.06827203483797609 0.5929138014703166 0.13654406967595217 0.15923900542942976
41 0.3434569270365992 0.7812929597919687 0.07661757415181605 0.07776211426931348
26 0.5274689368017506 0.8325783230266653 0.1252540554640951 0.10063593488971415
0 0.24253036096477046 0.7724406287968194 0.06184477333164159 0.0646499680831932
13 0.5909039425877871 0.8879772116334372 0.03498279696281678 0.048223212895819115
25 0.6457027906703121 0.9089936438084365 0.054843069208361545 0.07131504883628718
0 0.37642418722304166 0.8488380182032977 0.03292867470606818 0.060060291095568305
11 0.6083382581165674 0.9097760482122411 0.03547241041875346 0.0650501359727422
0 0.1944662997146388 0.8097540383073134 0.05738680492104683 0.07630489371346108
0 0.343902319366699 0.8487828046691426 0.054843069208361545 0.0713150488362869
0 0.24576429573552383 0.8268914723973211 0.049895487341830386 0.06614305138963143
0 0.29840410439217097 0.8393122904643773 0.052369278275095965 0.06872905011295917