57 0.4867808376711429 0.36040328695710117 0.1234246321144845 0.0884345515510018
21 0.3511063636727646 0.41242951421191054 0.10321437063457085 0.06293886945668757
21 0.27876854822960145 0.43091232238118404 0.0424325722140158 0.041558132142725274
17 0.030113305000454036 0.47437737887035947 0.02339770143307546 0.04490860389456504
17 0.06332637964218517 0.4661102071507938 0.07667411371734863 0.05853134503854426
56 0.9435096153846154 0.4411057692307692 0.10817307692307693 0.0985576923076923
36 0.7944425228420585 0.47118597161190495 0.11380924749910001 0.08770594127307546
56 0.5985474133946626 0.5450096160372419 0.2077020811930294 0.15712773891337542
36 0.8797035543131903 0.505205542312991 0.0751518105877327 0.07998380785367806
36 0.7441045873052189 0.5296786150833104 0.07755565674157885 0.08016596042315964
56 0.9495192307692307 0.5048076923076923 0.09615384615384616 0.10096153846153846
36 0.8220826634678473 0.5319928043606923 0.11179719824491158 0.09713917331897862
53 0.6298157654857278 0.6360466782785879 0.039734878385426296 0.034164441111705364
53 0.7207211478197666 0.6321511682265799 0.052047956829400624 0.04228674242065148
53 0.6187760269656416 0.6591743769696414 0.05435385375833208 0.040065048836286914
53 0.6819882039179924 0.6519821892916724 0.04454257069311861 0.03452874625066826
53 0.21081390704693542 0.9098406766720295 0.1498669398067922 0.09043822981529924
35 0.32684347978922784 0.11103798213373343 0.2348300334597382 0.1759583402545958
53 0.20552884615384615 0.9519230769230769 0.1658653846153846 0.09134615384615384
53 0.9783653846153846 0.8918269230769231 0.038461538461538464 0.12980769230769232
28 0.03091734951698046 0.20004775710238265 0.05203977654251606 0.1597108988201499