41 0.5387648164369464 0.8210738711243523 0.23737492587576242 0.14854162190119607
0 0.13978896322018455 0.9138904558741825 0.08699293312919278 0.1153588917310325
0 0.2510936323681662 0.9327329157274798 0.1596681224146225 0.12947646588284856
0 0.40625 0.9338942307692307 0.16346153846153846 0.12740384615384615
0 0.5709134615384616 0.9290865384615384 0.19471153846153846 0.13701923076923078
8 0.4836835289808127 0.1281017034121747 0.3045179907097887 0.1985070540224458
8 0.49252512884017696 0.266392802037748 0.26471292104014227 0.16854178370557982
8 0.7530888674672906 0.24276678299447457 0.2955150773041062 0.1598356812226488
28 0.42511873130786604 0.4684814921732468 0.23485911878790725 0.14606783096793036
28 0.705756260098164 0.5150566250474484 0.34169529235757123 0.22359468725219991
28 0.4183616644370588 0.5811125375069186 0.25716549977657677 0.1611204109057828