53 0.46768183862366375 0.5961538461538461 0.09750651002086358 0.10576923076923077
53 0.4170029115210199 0.6201923076923077 0.07489183797208991 0.0889423076923077
7 0.5157480290053722 0.6995192307692307 0.16350671239285794 0.1658653846153846
53 0.7674066607535003 0.8774038461538461 0.1540550444132429 0.12740384615384615
53 0.5401494866267086 0.8377403846153846 0.05652482585148933 0.0625
15 0.3212357699909388 0.7992788461538461 0.19328550582138987 0.2644230769230769
55 0.6503300939598825 0.8858173076923077 0.15132376498785705 0.20432692307692307
15 0.37682795626004995 0.8353365384615384 0.12194128730307437 0.15384615384615385
41 0.4736355473817451 0.8653846153846154 0.11470604030064581 0.19471153846153846
53 0.5715750575329235 0.8966346153846154 0.0490332712001914 0.057692307692307696
53 0.5010816202791013 0.8894230769230769 0.054541003982282524 0.06971153846153846
41 0.3935504340534284 0.8990384615384616 0.09594271243629612 0.1201923076923077
53 0.5521579847007249 0.9411057692307693 0.04959330357971034 0.0673076923076923
53 0.522051758000653 0.9627403846153846 0.06415638859766713 0.06971153846153846
3 0.5861658543356024 0.0889423076923077 0.147287238777234 0.09375
8 0.8773479395273122 0.2692307692307692 0.21809513345692066 0.15384615384615385
18 0.5700638018491987 0.24158653846153846 0.2533127771953343 0.13942307692307693
26 0.5333664619945633 0.4795673076923077 0.14061202415432453 0.14423076923076922
32 0.6150046402122329 0.5637019230769231 0.09619902008516548 0.1658653846153846
35 0.8788332435196862 0.6358173076923077 0.10058668810821832 0.15865384615384615
53 0.5416991867903703 0.5841346153846154 0.07969953027978222 0.0889423076923077