16 0.8461243771056224 0.3881986112643041 0.16313228351420642 0.10077020159553385
16 0.8387778583675941 0.4630325935409227 0.1800711675251388 0.10366366120531655
53 0.6307924995202447 0.5196335309708989 0.027449956098388604 0.022404007958230047
53 0.7280099745471765 0.539672278255657 0.02253030285668755 0.019860272245544763
53 0.705061475151629 0.5379329075062963 0.02974184131822601 0.02007010658380332
53 0.6469213237232854 0.5299961975969799 0.027337995164379854 0.020000161804383892
53 0.6700377645198464 0.53534133757711 0.02974184131822601 0.020070106583803458
53 0.6257905325417106 0.5414430083040632 0.024822188076524407 0.017526370871118174
53 0.679122991662362 0.5495196077722185 0.022306380988669508 0.015052579937852455
53 0.6525127425690407 0.546683231115064 0.022306380988669508 0.015052579937852455
0 0.2599943484729303 0.672441784416685 0.09621314054819824 0.05561246178197621
0 0.441320105614649 0.7153078214268547 0.09928875230609845 0.0701054834844727
0 0.16772617388487593 0.6811442738089516 0.09677294521824328 0.06763169255120698
0 0.3221057991312464 0.7139623957004281 0.10739597823970908 0.08954608705350062
7 0.7187173951733808 0.7794495011884153 0.12260278170084914 0.10679267880694053
6 0.6151280886899783 0.7776494343957617 0.08296896735956348 0.13204592524911674
6 0.5716349360527294 0.7741007481176208 0.08559673538142767 0.1369235623362286
0 0.2204461617958254 0.7277523565180649 0.10270024686602579 0.09181004364850764
6 0.6512154281948466 0.8030775427864866 0.07167416873404384 0.09570845382374617
25 0.39816614970677483 0.7707233106973638 0.11449555576723852 0.08735207523791261
6 0.6805094257770364 0.8118535900488373 0.04847210027330216 0.06142510465512448
28 0.7820436683201059 0.14935278102691799 0.15939816186164263 0.2783050930830516
28 0.6735347085950019 0.14528875763925744 0.16068239867539857 0.25433657632400963
4 0.9387019230769231 0.20192307692307693 0.11778846153846154 0.2403846153846154
50 0.5228234609011003 0.21707291582979832 0.08111829802106726 0.04076971618238231
50 0.5501911032626562 0.26201157256897045 0.057191797416614745 0.04247411454203336
50 0.4724019860646832 0.27149631636164295 0.06759090857006236 0.05958081673663443