38 0.4885542026326328 0.15930240058332926 0.06372027516798849 0.09209181365883665
11 0.40191779186925675 0.15717095814537377 0.035221033752477274 0.04022526180279468
11 0.43638176420036817 0.16861305622134515 0.04984000912538305 0.0457888355424539
8 0.38797019912312886 0.2925473350023674 0.074172318338588 0.05426017639060386
0 0.21957648675103394 0.25722342048444813 0.07794745364123642 0.08804000278311125
25 0.5372086492548614 0.3545706284995588 0.05783514138623721 0.06539754548920662
0 0.4561145499860361 0.3346623003850794 0.06283873214375837 0.07045719827422126
33 0.5833000554555459 0.3762580123842205 0.04022462450999843 0.04528491458780925
8 0.3792404476754164 0.3294290096709993 0.09821077987704954 0.05551997877721549
16 0.7826050356838825 0.48065334255108827 0.08628949833273335 0.05729392373775583
0 0.25029185615744665 0.331102528441089 0.08295104439875772 0.09309965556812581
0 0.19073442304832228 0.31473186862840624 0.07873104744055205 0.10727077201388041
38 0.3931288940049061 0.4024262559570121 0.07888206142136589 0.05210829071408003
26 0.3853827249497803 0.47428968009507433 0.11326643661862826 0.13066911073975207
13 0.5900341182228386 0.5657158168931106 0.045326164492434165 0.052748413526670035
49 0.5362904020485006 0.5544677999847729 0.04522821526751974 0.05034456737282388
13 0.5635428359180736 0.5655319573447609 0.035221033752477274 0.040225261802794746
0 0.5624205099749997 0.6521963991218838 0.05234180450414377 0.04831866193496108
0 0.6040470461551923 0.6652183609907616 0.06303463059358737 0.07526489058191342
0 0.49891448534790545 0.6440502304896707 0.06283873214375837 0.07045719827422112
6 0.31423257063591703 0.5946233004549695 0.030413341444784966 0.03997330132547242
6 0.33071667142563943 0.6039186236640591 0.028205393740767668 0.04465501339450357
6 0.3792608983926273 0.624530064710459 0.028401292190596658 0.049462705702195874
6 0.356473334543546 0.6221313293662548 0.04149796443388627 0.07653491458780938
6 0.34190333378309745 0.6249812171650573 0.03100103679427167 0.05439637824854934
6 0.291814361451986 0.6127202475377882 0.028988987540083364 0.06388578262527266
6 0.2703266699047423 0.6079806561590686 0.040322573734913 0.04768876074165554
34 0.45365973770243606 0.6609503653052086 0.07274796443388627 0.07817265769040424
0 0.5345579385214325 0.6856663857273801 0.06283873214375837 0.07045719827422112
6 0.3056987176380335 0.626697282815909 0.027715647616195528 0.032635782625272794
6 0.3866458930694871 0.6502113801611575 0.033698730622861245 0.061733896948748694
0 0.5878119085711981 0.7089336334049485 0.05754129371149379 0.058186007027668026
6 0.31717922767023476 0.6405483378553687 0.025409750687263803 0.03491364854045779
6 0.27059807534497815 0.6308801847399377 0.025213852237434945 0.03010595623276548
53 0.5614757303906892 0.8231844266416134 0.05533334600747663 0.06286771909669944
55 0.35162893805372303 0.8001419249895315 0.06862591670059523 0.09474762029000498
53 0.4608345719818438 0.8395908621217908 0.05562719368221991 0.07007925755823763
20 0.24529445416951307 0.7789108043691099 0.07554360748739028 0.08791402254445028
20 0.29889124650647936 0.7937645905082167 0.07073591517969796 0.08766206206712795
53 0.5332703366499214 0.8650678747855713 0.06323052904341622 0.08007258288960574
53 0.49394969739866046 0.8545757393092008 0.04571796139209201 0.06236379814205479
53 0.5629755912857978 0.8750560893072975 0.03860437215546798 0.06438970357991745