38 0.22235576923076922 0.5179524762134007 0.0673076923076923 0.0792258431115825
35 0.3269230769230769 0.6418510731353784 0.14182692307692307 0.12049442765544974
16 0.31490384615384615 0.7239432989533652 0.04567307692307692 0.024828388045496953
16 0.3125 0.7381982825785008 0.04807692307692308 0.027400327497284358
16 0.25841346153846156 0.74403156799021 0.04326923076923077 0.03187183320909416
16 0.3125 0.756227128732347 0.055288461538461536 0.035116145852646025
16 0.24759615384615385 0.7697174558417826 0.057692307692307696 0.06172654684289496
16 0.36658653846153844 0.7732303817821763 0.06009615384615385 0.06189464014083594
0 0.8641826923076923 0.7611506944559904 0.18269230769230768 0.16421739833583368
16 0.30408653846153844 0.7820811098818606 0.06009615384615385 0.06189464014083594
40 0.6394230769230769 0.9088955095600332 0.08413461538461539 0.09242172696640093
40 0.5612980769230769 0.9190574773769463 0.06971153846153846 0.0625670133326004
49 0.8293269230769231 0.9278846153846154 0.1971153846153846 0.13942307692307693
6 0.7439903846153846 0.9606787218666262 0.11778846153846154 0.0779481100606537
40 0.6009615384615384 0.9675480769230769 0.08173076923076923 0.06009615384615385
34 0.8221153846153846 0.18248790789586672 0.10576923076923077 0.06749225895556367
34 0.65625 0.19492793187639026 0.08653846153846154 0.06374366641818846
34 0.7391826923076923 0.19832330450151311 0.07692307692307693 0.03182129322642387