39 0.5697233927319835 0.06369392755956645 0.20189936838218683 0.055984047882355364
56 0.6322967615051147 0.44026157518372927 0.1158972306823544 0.09972517204230623
56 0.6258326805997553 0.5097909610757861 0.12721642097718608 0.08861670412048338
0 0.40978064036426676 0.7578023753702284 0.06798402424120116 0.05780273476061792
0 0.3451568104001802 0.7480765636865336 0.08551098779252306 0.07109703351621978
34 0.44466011813592615 0.8014911248125777 0.10331796753360442 0.08919902457951369
53 0.16098256344118989 0.7389495844288855 0.09823025903615257 0.0840270271328582
0 0.3617274258282338 0.7952068611654632 0.08014326310531153 0.06111734376187172
2 0.3713942307692308 0.953125 0.17067307692307693 0.0889423076923077
9 0.15175388344957025 0.9181271991751647 0.12721642097718622 0.08861670412048338
51 0.3561429595473203 0.06199650208352396 0.2011756193668979 0.08464804915902764