53 0.8605332820227287 0.2706820324224044 0.16335133746265632 0.20837763557744038
53 0.7344572297165046 0.25103982658818735 0.1388373641237751 0.16583131798264444
53 0.6120988317705606 0.22203437608549736 0.13408561438083816 0.1703028236944545
3 0.3273549476693018 0.19249993566408877 0.38126219899132785 0.1515587410746987
6 0.5321688419918909 0.4750688520898428 0.14031815795916033 0.0866724882036626
50 0.23924925225238017 0.4245133928179478 0.06387059283650275 0.12215888728493104
50 0.18045292097147103 0.41198164547992866 0.10037582566223677 0.16314182521558634
6 0.47926939890077264 0.5760221538764161 0.0874894851393002 0.08778212795665
50 0.13504472916566732 0.48940076562186385 0.1069999671938455 0.11316533587864058
6 0.5499451045390245 0.6014135984733718 0.07289858052195769 0.07235049124592627
50 0.21406396813643672 0.5213901521462289 0.07315032206335606 0.09398510663054165
50 0.09577202351517825 0.5564228113163442 0.04645627282964993 0.07050146496857387
50 0.15444248402538818 0.5797718663466711 0.08528143796209725 0.10444095773563197
50 0.1971802604294444 0.6284706226326885 0.07795801437104845 0.09432129322642388
50 0.09728078863294097 0.6335139815373623 0.0756660533467127 0.10376858454386724
50 0.14481227170350072 0.6837508474961849 0.08276570667874071 0.09465747982230638
26 0.2920673076923077 0.8954326923076923 0.5408653846153846 0.20432692307692307
26 0.7127403846153846 0.9663461538461539 0.2764423076923077 0.0625