0 0.18708211489496396 0.17282686566615268 0.06582689847230719 0.08008214770111846
28 0.7130489107868523 0.1380871918914641 0.1472516677275508 0.26129366155804107
28 0.6254204113009781 0.14668162470006602 0.09400342567202649 0.2294282933457337
0 0.21622196720608267 0.1984029056700686 0.08284962052587347 0.09710486975468481
0 0.13717475695293568 0.2215183148900691 0.07043879180335623 0.06331116718895063
28 0.4541048369485303 0.1927586010869902 0.07379366155804098 0.1450699077020975
28 0.36911793951671196 0.22181369748566204 0.07670099079468415 0.18836710975370588
31 0.06677876413845989 0.2651643159060835 0.0909002974587402 0.1693041682172023
8 0.4477743938818865 0.26839584108601117 0.16491604514517413 0.12690204720167733
16 0.7890646051632851 0.26756007087593914 0.06113109129412537 0.08964158975174791
16 0.8947219508030054 0.25917542268516924 0.06593878360181768 0.08969753231650308
16 0.8419352349067117 0.26697351601132346 0.063646822577482 0.09928494564951015
16 0.9475366379816769 0.2537811755128612 0.06359088001272675 0.09447725334181777
18 0.3454596164862902 0.5640401046613964 0.1870261723302088 0.16801917335846037
53 0.5490461426455208 0.6060671395607659 0.03410138667188779 0.038853136414824865
53 0.47838442264845765 0.6268766021152418 0.022054184620279544 0.03630943384909075
53 0.5109202595725135 0.6344657528888779 0.036589146672866946 0.046092646158741084
53 0.5317445498334924 0.6683573549429338 0.03661711795524443 0.048496492312587236
53 0.4909351077828629 0.6726895354502068 0.03656117539048919 0.04368880000489493
26 0.9074519230769231 0.7151442307692307 0.18028846153846154 0.4543269230769231
53 0.11146475499433002 0.9038190246290903 0.08293353437300634 0.10431640821622341
53 0.2975670329407637 0.8891598759364319 0.0732062646281113 0.09458913847132831
34 0.39622262473677766 0.8987201600523752 0.10767127797090809 0.16469227488615318
18 0.5201605580717426 0.9121799118640528 0.1556363159183207 0.1556363159183207
13 0.22956730769230768 0.9423076923076923 0.15625 0.11057692307692307
13 0.14232399910635757 0.9738802041203487 0.11356816616069897 0.051795419502516676