46 0.3022948342709456 0.7175875076507012 0.20224473578281726 0.0576380492581805
6 0.6885386895816047 0.6397808091367876 0.04585488410466928 0.03178145436517464
6 0.7294390371165261 0.6332956819517528 0.043437052783008204 0.029349636928950727
46 0.30820655348085746 0.7343445025216803 0.20945627424435573 0.057721963105313225
6 0.6763935923020407 0.6615552809332909 0.033807682999808936 0.026833905645594094
6 0.7534075728159138 0.6450351998972076 0.028972020356487056 0.02197027077314682
6 0.7148691159313939 0.6587038942614031 0.04342306761519355 0.026945790775104575
1 0.7961034117047379 0.7430894091221029 0.03876921215346403 0.053332155902657025
1 0.832175089180245 0.7402659937325927 0.06043179787370899 0.058391589751747776
0 0.6419425915827511 0.7989661096558083 0.10863458746096527 0.08058563078391555
1 0.8633271930055415 0.7567292901386069 0.09161187203463492 0.046735985653426196
0 0.7681235369079521 0.801103386561753 0.12550346604133283 0.08799296822209722
33 0.33610171591560517 0.8974703855946873 0.08683215006257232 0.05148773539636299
39 0.26736833784595304 0.9367291056039877 0.07737060229315042 0.07781815795916021
33 0.3973018966639785 0.9135840409709814 0.08690207590164625 0.06350696616559376
1 0.8304207519746375 0.8352319024507046 0.06303143637696215 0.09207340718797169
34 0.9073368363138071 0.8355387444915442 0.11110835945388522 0.0926328328355238
39 0.542720603803856 0.9142956245409823 0.07730067645407643 0.06579892718992944
0 0.7617153442406148 0.8696829301523125 0.10623074130711913 0.0805576595015378
0 0.66424070108342 0.8912484593962979 0.10867654296440978 0.08779716924545401
39 0.34411660017134504 0.9658821014909813 0.07484088962897098 0.05615557129216734
39 0.2671235974091941 0.9787964132962954 0.06989334564313082 0.032061167188950565
39 0.4198797095209432 0.9577894676345481 0.0916678127058942 0.05635137026881054
39 0.48966816640546307 0.9437571465994437 0.05799998138423326 0.05355592616167799