55 0.33052884615384615 0.2194703172502668 0.0673076923076923 0.07127814238931626
55 0.38461538461538464 0.23984605447863214 0.09375 0.0598743631631411
55 0.4026442307692308 0.2694745053496257 0.09615384615384616 0.07194954407264967
8 0.42427884615384615 0.41320172331789495 0.17067307692307693 0.07368399842126089
8 0.41586538461538464 0.44945524111655943 0.17548076923076922 0.056968975624893295
16 0.23918269230769232 0.4703944995038994 0.038461538461538464 0.024933663782905915
16 0.1814903846153846 0.470535379793643 0.04807692307692308 0.025157464344017146
46 0.625 0.5155010404508542 0.04326923076923077 0.022641717909615375
53 0.9098557692307693 0.5437267180587065 0.026442307692307692 0.02465391308151701
46 0.6622596153846154 0.5230472748150101 0.036057692307692304 0.02247386748878209
53 0.859375 0.5424978248506936 0.03125 0.017554274900534166
53 0.7908653846153846 0.5356789423101489 0.02403846153846154 0.019790270633547033
53 0.8233173076923077 0.5433370769548603 0.028846153846153848 0.02711370937564111
56 0.32572115384615385 0.4996302944538993 0.13701923076923078 0.08251608107275661
53 0.8798076923076923 0.5552434025044864 0.040865384615384616 0.027393460077030012
53 0.7427884615384616 0.544009483577243 0.040865384615384616 0.027393460077030012
46 0.6057692307692307 0.5315736415730764 0.06490384615384616 0.03276065378750012
46 0.6586538461538461 0.5387562000254268 0.03125 0.015150428746688012
53 0.78125 0.5527296659481831 0.036057692307692304 0.02247386748878209
53 0.8401442307692307 0.558570425972916 0.04326923076923077 0.020237871755769223
16 0.22115384615384615 0.49725643324829044 0.040865384615384616 0.017778075461645396
16 0.15985576923076922 0.4962793156715276 0.06009615384615385 0.030244907353098354
16 0.2091346153846154 0.5143631070266024 0.04807692307692308 0.025157464344017146
16 0.14423076923076922 0.508662222352564 0.0625 0.03270470364722218
56 0.32091346153846156 0.5526268101190703 0.125 0.07502479190982925
50 0.6021634615384616 0.591753720629647 0.04326923076923077 0.03225710252499999
16 0.12860576923076922 0.5450835905720619 0.0673076923076923 0.054451219312393176
50 0.6454326923076923 0.5979581565661853 0.04807692307692308 0.039580541267094066
50 0.5661057692307693 0.5901891265799675 0.038461538461538464 0.03695289455213682
16 0.19471153846153846 0.5531603463298075 0.06971153846153846 0.05691101560651714
6 0.5384615384615384 0.6905921685777774 0.1971153846153846 0.06468406534893162
22 0.2608173076923077 0.8785447943952455 0.2283653846153846 0.070219109480235
28 0.9206730769230769 0.24659994242745648 0.1466346153846154 0.26302834317232926
28 0.7872596153846154 0.2376859444436425 0.1466346153846154 0.25822065086463686
55 0.3798076923076923 0.21351564706688003 0.04807692307692308 0.037176695113247914
55 0.4735576923076923 0.22455474544220044 0.04567307692307692 0.039524591126816264