38 0.4855012371947854 0.11903296766062642 0.06435066933849634 0.09239513611347464
11 0.3966708904364866 0.12298930757010731 0.037849067251836496 0.039090927821930924
11 0.4331764264802149 0.13197530282509945 0.052496066042931326 0.044150375873780234
8 0.3946951826035433 0.2613573189336861 0.07457852516358279 0.05414339410540032
0 0.22033070878551653 0.23673415709433912 0.08095367054740138 0.0878811588406321
25 0.5510604574648998 0.3127584627908834 0.05831140675670481 0.06586890983978126
0 0.4674000190861489 0.298581058319786 0.06334302093241516 0.07076052072885922
33 0.6000890484808995 0.3323519692847191 0.04047683527370069 0.04394057942031605
8 0.3892190386191445 0.29874281219037996 0.10090887192188146 0.05220110014917527
16 0.8112422746050247 0.42369539336205864 0.08911356302066874 0.0567989960034034
0 0.2598032095804837 0.3094220754262543 0.0835814385692655 0.09273081043901718
0 0.1979453279873617 0.2984728065696908 0.07944551186562726 0.10706996878070853
38 0.40951675065034693 0.3729683279247609 0.08167810269111223 0.051865425823632696
26 0.40926980943984803 0.44514665147618476 0.11651085257940061 0.12933397352571638
13 0.624614942734616 0.5231850031259848 0.04562041038341992 0.05123603646324016
49 0.5689346179271229 0.5157366052734584 0.04562041038341992 0.05123603646324016
13 0.5970266924323897 0.5248694580458756 0.037849067251836496 0.03909092782193086
0 0.6035171126775647 0.6125678833705673 0.05271998791094937 0.04895806818147254
0 0.6461442250399175 0.6238528265526735 0.06345498186642419 0.07316436688270536
0 0.5371874215787774 0.6089140715569279 0.06323105999840614 0.06835667457501306
6 0.34784006616762875 0.5725234346925071 0.030749489724307057 0.041368896103698614
6 0.3650588525135834 0.5806431811961189 0.02845760450446992 0.04373078296685188
6 0.41523338613950156 0.599013784967685 0.03108537252633398 0.04858043456523694
6 0.39354279028788175 0.5981894955069974 0.04204428834982684 0.07759442557416235
6 0.3780857316888952 0.60206800012727 0.031309294394352025 0.05338812687292925
6 0.327045157788081 0.5909299144625888 0.02946525291055097 0.06536539835146726
6 0.30409665839253347 0.5889246815703244 0.040588796207709714 0.04634442557416221
34 0.4936679356717002 0.6301230107424375 0.07329428834982685 0.07813989635316897
0 0.5775522959184691 0.6491081075212273 0.06334302093241516 0.07076052072885922
6 0.34219598078221647 0.6063031587184317 0.028009760768433978 0.03411539835146726
6 0.4248224374850578 0.6241073120656447 0.03416098428423426 0.06304547077900689
0 0.6338484058630118 0.6697776592199075 0.05786356302066874 0.056253525224396785
6 0.3548309966884968 0.6193145161111213 0.025717875548596707 0.03647728521462067
6 0.3052162677326236 0.612963143108786 0.025381992746569645 0.029265746753082203
53 0.6176438957778334 0.7867418312976813 0.05808748488868677 0.06106121753208909
55 0.4031417834154807 0.7784569774001125 0.06927032258019754 0.09488290084870653
53 0.5176900057223761 0.8101387368913956 0.0561314824708767 0.07063464285678069
20 0.2941849799543407 0.7635182224043668 0.07603401730570006 0.08539339410540017
20 0.34768538047600567 0.7758162718552785 0.07374213208586292 0.08775528096855358
53 0.5920149618207649 0.8304935939098796 0.06367890373444222 0.07797205919039768
53 0.5520156174802763 0.8239743837447728 0.046068254119456004 0.060851421078625054
53 0.623712805556801 0.8395635077462575 0.038968676591926564 0.06312938936039239