13 0.5874117183470623 0.3507261946741351 0.039412690846260784 0.041089147300421465
13 0.5551556207611115 0.358950856447097 0.03454904839829053 0.038657330810945606
13 0.6139379512497867 0.35448580075086716 0.03454904839829066 0.038657330810945606
13 0.5232352240168272 0.38159859514313565 0.0370647948326923 0.043479008286452694
13 0.5472736855552888 0.38173844682128366 0.027169659515918782 0.03140383684596278
13 0.5976145794353636 0.37602251996077896 0.027057759235363302 0.026596144538270475
13 0.568936276010043 0.3830662364085399 0.0318095014027778 0.024220268720053895
3 0.8097674875778315 0.3520198226970039 0.11191972644358991 0.0583356254117884
25 0.3893222309720624 0.5658906018399388 0.07111029196848297 0.060501723712782916
25 0.4563501725783659 0.5542629557695223 0.0808375768644232 0.0653653566917345
16 0.8116907328440706 0.07322261693820181 0.06367495294583356 0.05084438359395394
16 0.7626356872513356 0.08255130561338309 0.05143192161549155 0.04115907313949533
53 0.2733730894894233 0.28280235362744244 0.039021039864316265 0.024262224223498254
53 0.25598766994877165 0.31034169563806224 0.036785044131303464 0.031459777517221926
4 0.6330548103219018 0.2464385903381234 0.12992160246634626 0.10891429081726113
53 0.22521324614113275 0.3305925807641621 0.04405253273311967 0.033905579174512576