38 0.2504611151204771 0.42427884615384615 0.07034411828004025 0.07451923076923077
35 0.3328203740263059 0.5576923076923077 0.14383079204422713 0.10817307692307693
16 0.30725551921478605 0.6382211538461539 0.04655461994730691 0.021634615384615384
16 0.302937573031666 0.6502403846153846 0.04905641532606756 0.02403846153846154
16 0.2488020599576703 0.6490384615384616 0.044444621468204173 0.028846153846153848
16 0.2988644999108321 0.6682692307692307 0.05415795530850322 0.03125
16 0.23290565451743447 0.671875 0.05994513986533994 0.055288461538461536
16 0.3514777098552116 0.6911057692307693 0.06244693524410066 0.057692307692307696
0 0.8441641320253166 0.7475961538461539 0.18645926270807187 0.15144230769230768
16 0.2866228383138227 0.6923076923076923 0.06004308909025444 0.057692307692307696
40 0.5975658225193725 0.8605769230769231 0.08766078748153561 0.08653846153846154
40 0.5193918479069153 0.859375 0.07206231985948527 0.057692307692307696
49 0.7801560908433236 0.9170673076923077 0.19828259502747378 0.1466346153846154
6 0.6915076308257593 0.9242788461538461 0.12062898906098049 0.06971153846153846
40 0.5471789123700757 0.921875 0.0820695013745276 0.0673076923076923
34 0.8968672180165751 0.18269230769230768 0.10821796139209174 0.06009615384615385
34 0.7329649080429216 0.171875 0.0864853967825622 0.057692307692307696
34 0.8152833726231775 0.18629807692307693 0.0780005183971359 0.026442307692307692