46 0.22972108896645238 0.7235154937366536 0.20768192161549148 0.04688063564546251
6 0.6238409628557152 0.6880764651717434 0.04394063245256419 0.03010515987570491
6 0.6647622976113776 0.6868616802680289 0.04388468231228625 0.02770131372185876
46 0.23410915522206135 0.7416842294493388 0.2125455640634616 0.04942437135814751
6 0.6077124115932152 0.709256439490132 0.03421334755662396 0.025017688450334894
6 0.6884930333783112 0.7007822819083778 0.029349705108653704 0.02247395273764961
6 0.6474038482018157 0.7092086052736307 0.04142488601816242 0.02522752278859331
1 0.720998896717414 0.8027580196714991 0.03723264525352586 0.051529940922061875
1 0.7570286139549673 0.8050091144397148 0.05897916091869659 0.05696713624452999
0 0.5624839209752129 0.8438497135425982 0.10744773497756419 0.07519295490984299
1 0.7878310128327451 0.8251491658029378 0.08989346007703002 0.04345334145390631
0 0.6896080164276702 0.859576017621063 0.1220386623214744 0.08282416204789857
33 0.2483054167668796 0.9068722768334466 0.08514171790961544 0.045717298048913606
39 0.17540673018760605 0.9384277796047075 0.07619773497756419 0.07428367277738947
33 0.30669609627361033 0.93022053931384 0.08547741875128209 0.06014037497199053
1 0.7488089680293797 0.8997861755680893 0.059818413022863566 0.0930248285522223
34 0.825620144671901 0.9068321008172057 0.10778343581923075 0.08961603183292019
39 0.4542528840337599 0.9465413740173705 0.07597393441645295 0.06466828816200486
0 0.6760501568008006 0.9253320629547347 0.10509983896399597 0.07752685628426985
0 0.5771287885813027 0.9380893269985348 0.10761558539839747 0.08240449337138145
39 0.24759615384615385 0.9723557692307693 0.07211538461538461 0.05048076923076923
39 0.16947115384615385 0.9807692307692307 0.06971153846153846 0.03365384615384615
39 0.32572115384615385 0.9735576923076923 0.09375 0.04807692307692308
39 0.39717502294545864 0.9701380563163967 0.056407464344017146 0.049685653003571965