0 0.26757989435484675 0.11309769420657075 0.06313257981850179 0.07591798427617527
28 0.7802092627080719 0.16945825286175278 0.13606826241533282 0.27454402267906
28 0.6915608026905075 0.17459963613301338 0.08583645639029178 0.22054040448888895
0 0.29164079812781585 0.14367729746228658 0.07814335209106542 0.09067676204091885
0 0.21140579964871306 0.1490145062245194 0.0672546275517929 0.05920296147980775
28 0.5202245234275369 0.183820354949306 0.06808310582012347 0.138473934416453
28 0.43422478262610487 0.1950273037454598 0.06984619186858373 0.18174316518568384
31 0.13811093419091292 0.17732812879898513 0.08338772576743053 0.1604442506427351
8 0.5026813332548208 0.2542582402954064 0.15614387048820133 0.11890947422211556
16 0.8308022431113786 0.3207337150722763 0.05631283825662118 0.08536551847072661
16 0.9333575015494979 0.3327269806494666 0.061120530564313484 0.08547741875128209
16 0.8816258346293485 0.33032212955657125 0.05910848131012504 0.0950368532263889
16 0.9747596153846154 0.3401442307692308 0.04567307692307692 0.09375
18 0.357156773382953 0.5138426350235045 0.17694182731760166 0.15781861380587614
53 0.5464912762783778 0.5926980016642632 0.03031539221987054 0.036729093991025724
53 0.4758226878022024 0.5970570879106842 0.020602058379571495 0.03410144727606834
53 0.5052565369978429 0.6121515665170943 0.033013086048459976 0.04399658259284186
53 0.519848979992799 0.6461131384424683 0.035514881427220556 0.04645637888696596
53 0.48013654384188026 0.6439880380509618 0.0353189829773917 0.04164868657927365
26 0.8942307692307693 0.7728365384615384 0.20673076923076922 0.43509615384615385
53 0.08010631962394771 0.787176695113248 0.07853514899072317 0.10029214665630339
53 0.2611294003492676 0.8094018017879276 0.06852796747568074 0.09045296147980782
34 0.35475491874640347 0.8379981898809297 0.10232464732345647 0.15368031330341891
18 0.47151082327982113 0.8743376427681094 0.14760592734687555 0.14512798135331195
13 0.18491441023509936 0.8544584222288996 0.14633258742298771 0.11387798135331195
13 0.09680467095456448 0.8728209593463141 0.10620591213790363 0.07211739449348296