56 0.8016091344376084 0.1492636910366833 0.13521916397657754 0.10798231327414932
56 0.6892707300484061 0.12612951848532206 0.12814751507387795 0.1125381731095454
8 0.5626712488578842 0.14932470891065228 0.1432000950117304 0.13467645343875329
56 0.789249428507407 0.2196734876305523 0.12978196865410943 0.08617980957466977
8 0.4388032271553879 0.14259773864905373 0.15883795683852198 0.09439867792539328
56 0.6757091010412816 0.19649734300047506 0.11769279310545909 0.08335624263366324
46 0.22739020281310734 0.6347069878504376 0.03717680877840445 0.0397207008230199
46 0.2601219050077085 0.6454556185911554 0.05505290354662017 0.07636600223273668
46 0.33183973150949436 0.6755762020046328 0.044808015916459956 0.05439561021839295
46 0.2012976190178972 0.6458028328879155 0.032648895588390195 0.04916819712354007
46 0.3814333291707283 0.6881143649242981 0.07337439064493581 0.04578755549219338
46 0.22469371571479171 0.6658310716142893 0.051529940922061875 0.03782051961376599
46 0.17264843768321045 0.6928304539969374 0.05752669447988582 0.07885379254401478
46 0.3552579387693072 0.7376297763445984 0.06198466289048058 0.0670024500896482
2 0.6236935917728791 0.8022360393580215 0.22033300627306573 0.1445742049381186
46 0.25995629179528656 0.7222947513568003 0.15162641837698337 0.09414684545309708