0 0.37157716964496906 0.4057583639892655 0.1577426719618973 0.11257959802650593
16 0.463820400262166 0.5632010383300616 0.059232396735985196 0.02812098239837587
16 0.3908531128070577 0.5713439694869721 0.0640400890436775 0.028260871957214998
56 0.28290638859766715 0.06159794404887537 0.22052268815165676 0.11920585459910557
16 0.5325400277891009 0.5648133813473748 0.06007244530526375 0.04254405932145279
16 0.4428739710815043 0.5963174368114701 0.07421550603858106 0.0381560356902776
16 0.5518289467968651 0.5859234108863439 0.04961701212060058 0.027841203280697887
16 0.38912559858672024 0.6243684744304265 0.042405473659062116 0.027631368942439193
16 0.559308647177718 0.6109889335531797 0.05470472061805236 0.03278878514722919
16 0.450493679557237 0.623786805632152 0.08425091493860502 0.04564735326949405
56 0.4831375141117418 0.050947260846388495 0.20313573269521462 0.10189452169277699
16 0.5122117807649532 0.629214752218493 0.037737789446249406 0.02989532553744649
16 0.5828452261136553 0.6223436889179251 0.0670039675770426 0.03794620135201918
16 0.46539493054194814 0.6522482631914988 0.0802832712001914 0.05993054063373211
16 0.5950626147547606 0.6460673989489989 0.07421550603858106 0.0381560356902776
16 0.5282449507791476 0.6564393143112068 0.04494932790778801 0.03010515987570491
16 0.40648884550227227 0.6744295749846787 0.04268548984882159 0.032439061250131504
56 0.6785609473181241 0.043872794120957834 0.2007318865413686 0.08774558824191567
13 0.7261399910363551 0.8914731540702296 0.10754191892088755 0.11591844996638875
13 0.7965397157018472 0.9219316509336968 0.09157875295413312 0.08905647359756394
13 0.712813270331426 0.9520589213723201 0.06968782992064823 0.042823838439130776
56 0.3029297893159347 0.15733212152620446 0.21797883390293088 0.1167320636658399
56 0.5067666840607786 0.14297335373708464 0.215434979654205 0.11425827273257425
56 0.6995762589709951 0.12532356822458335 0.19860805657728192 0.1137686592766377
0 0.29782910497280746 0.2971398947360887 0.12934025094127277 0.07815635929904524