39 0.49315372606016966 0.058492154956543176 0.19024257829760452 0.07494773185101929
56 0.6505056012860329 0.44528077461111104 0.09919027212619423 0.07843719976580871
56 0.6617106157345561 0.514133212282927 0.1155274490785449 0.0671036135709792
0 0.520771317342602 0.7951730518854749 0.059455393740767665 0.045620012167177586
0 0.4560633696385847 0.7973361151204771 0.07427026756350244 0.055823092132048766
34 0.5642099141837119 0.8305410094753239 0.09168488598991222 0.07093181362952695
53 0.27955004340277156 0.8237417186306539 0.0842774490785449 0.0658302736470911
0 0.48306684030242936 0.8416338127513096 0.06916872758106685 0.04841565522068145
2 0.5348557692307693 0.9795673076923077 0.15625 0.036057692307692304
9 0.3161057692307692 0.9819711538461539 0.11778846153846154 0.03125
51 0.29277130435777415 0.11752313775896457 0.18523898754008336 0.06994414109349809