16 0.7296441983293801 0.3281026648743412 0.14607712385993593 0.08520387657178997
16 0.737665003946848 0.3962204833592988 0.1630159472174146 0.09069721345388342
53 0.5598902789646897 0.5019284690857458 0.024486062660683726 0.020210261479913783
53 0.6525222810981833 0.49455165469577034 0.019622420212713747 0.017610516876238772
53 0.6296018174262282 0.4990879415632269 0.026833958674252208 0.017904364550982058
53 0.5753754036139953 0.5073014145084174 0.024430112520406055 0.01780641532606763
53 0.5982119420755337 0.5063708968717301 0.026833958674252208 0.017904364550982058
53 0.5581848046252667 0.5236120590828185 0.021970316226282094 0.015304619947307047
53 0.6087774741365913 0.5167474330519227 0.019510519932158132 0.012802824568546329
53 0.5834531643107901 0.5213816691442937 0.019566470072435803 0.015206670722392483
0 0.25177432546410194 0.7390296868095818 0.08760151420373934 0.04919924901999714
0 0.4249351737514417 0.7283715733849723 0.08788126490512824 0.06121847978922764
0 0.16937215454999935 0.7712061143028268 0.08542146861100434 0.05871668441046733
0 0.31609069514503135 0.7616254423522762 0.09554040448888902 0.08074309669474043
7 0.6894701509550742 0.7127894663366907 0.10789533609978665 0.09565591974238977
6 0.594014676615651 0.7382930761054267 0.0676454030274575 0.12043309061115164
6 0.5541833646563562 0.7471207767780536 0.070161149461859 0.12533873214375837
0 0.22759498363589675 0.7976525121385768 0.09073271218119665 0.08054719824491158
6 0.633314462242307 0.7523019138943383 0.059650562602030006 0.0864853967825622
25 0.39589218947526644 0.7895941433176422 0.10023619651602572 0.07613130283687698
6 0.6609307179413988 0.7523774208847451 0.03969244154764941 0.054451802983246776
28 0.6227050393095618 0.1278895556894006 0.12617897270203024 0.2557791113788012
28 0.5247338185357371 0.15513386282651365 0.13031526332638912 0.23345874431093588
4 0.8389952430154378 0.1183130274367166 0.21886592003675231 0.22025594255584746
50 0.4021916049517626 0.2609928625337745 0.0728427364389957 0.03418847674743345
50 0.4350621491417198 0.2932754195388184 0.04891617518108978 0.038016676805981274
50 0.36593708221404886 0.32250928014118785 0.05886726063814097 0.05283155062871604