16 0.8380698374141817 0.20961333341851732 0.038783197321278676 0.05775318891444478
53 0.6112140495676457 0.277055244867534 0.05572200174072018 0.07806227637220677
16 0.8668950135086134 0.20415901865576058 0.0363373956639883 0.050387604991907455
16 0.8117114407287628 0.22573091041258275 0.03637935116743252 0.05759914345344592
16 0.7865060190329152 0.23335800313768715 0.031543688524110644 0.052483360223755667
16 0.7661222748125746 0.2430808510946398 0.03397550501358637 0.05744509799244691
16 0.7409308382845418 0.2531117899735904 0.038783197321278676 0.05775318891444485
21 0.5717603655464062 0.3156546872817091 0.09173773854496813 0.07316141982565269
53 0.652198308109456 0.29486916433824406 0.0507884429226948 0.05611957006559344
18 0.6955452586568177 0.5121252918476854 0.12084961057960306 0.12068304228071697
43 0.6091466487965042 0.5417093899821093 0.08708388308323861 0.09929563659596251
28 0.19775411381640612 0.7171666480818917 0.09225518975411563 0.1621037275179605
28 0.14276633338596273 0.77239238599256 0.12642648711710922 0.25320267166425314
37 0.8624105827709603 0.6733711550387574 0.08733561610390503 0.14256486736519328
55 0.7169227511471582 0.8798833127750783 0.060501723712783055 0.07356267498651246
55 0.8178143637696227 0.8613941726438915 0.05084438359395394 0.065734954680978
0 0.4924778020383757 0.9483731018400192 0.060305931363375774 0.03990882883266632
55 0.760261907755463 0.889129725246328 0.06276571818848108 0.049678258909049935
4 0.4409247634043263 0.14729044986796036 0.07727270611844685 0.06502560859812044
37 0.21787752972187405 0.24935706235624785 0.05558215006257225 0.05402381483374523
37 0.31996407283735423 0.2295889764176384 0.0314877478528515 0.04286797560837105