13 0.5873665276005707 0.3392593948144723 0.03724675355782408 0.043597673157608124
13 0.5535028471084661 0.34902106924875287 0.03229917169129264 0.038425675710952914
13 0.61359900095462 0.3444672550117135 0.0347030178451388 0.03860782828043437
13 0.5192544703295542 0.3720038975291872 0.03484290740397779 0.04341552058812667
13 0.5432229870885961 0.37258621798821767 0.024947743670915054 0.033071525694815716
13 0.594975624175708 0.3662660915905176 0.02714175548650279 0.02604213980275884
13 0.564787657693792 0.3733506910167296 0.02947565686092938 0.023820446218394273
3 0.8092326833754034 0.3392372052143497 0.11204576344473284 0.058859787426921745
25 0.3638731444268356 0.560071125429478 0.06658252085991433 0.06261042706831023
25 0.4313906710727864 0.5477593150224555 0.07874164118798423 0.06832888222341046
16 0.8449905085572973 0.05829629681915775 0.06149504943454404 0.05263073731396247
16 0.7931329543010563 0.068222192447627 0.05159988570148117 0.04228674242065155
53 0.28222720435707516 0.2748345390927294 0.03668719532246784 0.024366903926839028
53 0.2610251194757683 0.30282514362563046 0.03696697444014596 0.03398228854222364
4 0.6455926698746518 0.23410834725485768 0.12553383458177336 0.11025131950509877
53 0.22801363816348916 0.3245149725444009 0.041774666747838266 0.03434659368118668