17 0.38760292212230313 0.36991565622823946 0.09222971232502462 0.11816106874132068
38 0.5023580344921429 0.3415606522893952 0.11139053677637442 0.11687728734651255
13 0.32481475961538464 0.598416625 0.32352690144230767 0.5925085120192308 0.32886714182692306 0.5566286682692307 0.2196603629807692 0.5081479254807693 0.19528372596153845 0.5252219278846154 0.32481475961538464 0.598416625
13 0.3080392139423077 0.5988150216346153 0.21979796875000002 0.5352329254807692 0.18289754567307692 0.5484172644230769 0.18594657932692307 0.5507159687500001 0.2736482283653846 0.6280063413461539 0.3080392139423077 0.5988150216346153
10 0.22392694951923076 0.5361941875 0.18363621394230767 0.546129641826923 0.27291001201923076 0.6302938389423077 0.30365060817307693 0.6020971971153846 0.22392694951923076 0.5361941875
25 0.5240332579119305 0.5485832919803689 0.06877653267550207 0.05440099588740265
52 0.4925255893571708 0.5829253243381689 0.06658252085991433 0.061472526254061514
25 0.5588761653159083 0.5874885632674368 0.08616301398778112 0.07461182178233045
20 0.6510395459521778 0.568877097768412 0.06644263130107547 0.0566648339463692
52 0.45528808453547376 0.6272327615485529 0.07379405932145279 0.06189255053870058
52 0.5165511890688409 0.6224606320521957 0.06361911647071221 0.04210174892841241
20 0.6703973429149948 0.6135001139798906 0.11062114420275976 0.090434979654205
0 0.6604157594850567 0.7669843933183998 0.10100575958737515 0.08987494727468605
36 0.8277057633424144 0.72352998052297 0.08884663925930553 0.08436721449259466
36 0.756394743690354 0.7553744541385939 0.08877669447988595 0.0819633683387485
36 0.9579326923076923 0.734375 0.07932692307692307 0.08413461538461539
34 0.8175050968380908 0.7867300209973689 0.09577839860316573 0.07517185416184938
34 0.9025268837922413 0.7709424259368295 0.0836892230545154 0.07206796753360442
40 0.2711510695930726 0.960618797801759 0.07825202773204755 0.05015333595922956
34 0.7841881127545508 0.841644753757741 0.09605817772084371 0.084787238777234
34 0.6946034402206761 0.8661258265465015 0.1034096057412213 0.09001495536956565
34 0.8654642409190931 0.8212594785318288 0.09577839860316573 0.07517185416184938
34 0.9555288461538461 0.796875 0.08413461538461539 0.08413461538461539