26 0.7071460081401862 0.7620802472926258 0.17716681109559956 0.15135770107689722
55 0.3803085588812898 0.812669213230821 0.18862623719478536 0.14017893679737214
41 0.5518773232764389 0.8199653583077698 0.1455809282935725 0.14196094974212387
41 0.17821754055719938 0.8231832810271066 0.19114204428264048 0.14275087624915928
28 0.12841812241462244 0.11642724180500233 0.16324424444821561 0.10965184997180694
28 0.8895186463693002 0.12108611399688327 0.17023186104173613 0.10534843755793803
28 0.2806441566449932 0.12266428711163416 0.16072843736036047 0.10707991052001967
28 0.7317308404903501 0.12488468655048887 0.15077716994294887 0.09919599886671668
28 0.5810985926059339 0.126977056133348 0.15810066933849634 0.10210412491438621
28 0.432758229941355 0.12649748626441987 0.15088913087695788 0.1015998450205628
22 0.20913147960622008 0.3736558135829109 0.18722341159232508 0.05861626086454404
22 0.65862769103297 0.41939758373790803 0.19409906725183662 0.05190900229682892
22 0.22355787045664458 0.42449803940089753 0.17280033466924818 0.057607701076897215
38 0.2326233921840269 0.5673587922568026 0.17302425653726622 0.062415393384589526
5 0.637506841633438 0.5872800879285862 0.18325874021704783 0.12782351943225917