16 0.7920673076923077 0.33693730861042454 0.15384615384615385 0.08592477745678223
16 0.8016826923076923 0.41014273117322186 0.17067307692307693 0.09092826874111773
53 0.6165865384615384 0.5168638276086053 0.026442307692307692 0.021942299490769066
53 0.7139423076923077 0.5121252214415429 0.021634615384615384 0.01707866461832152
53 0.6911057692307693 0.5147947947779763 0.026442307692307692 0.01953845333692291
53 0.6322115384615384 0.5238935527346893 0.026442307692307692 0.01953845333692291
53 0.6574519230769231 0.5211960081158782 0.028846153846153848 0.01716257846545424
53 0.6165865384615384 0.5384984429932206 0.02403846153846154 0.014702789746852983
53 0.6682692307692307 0.5342912911913328 0.019230769230769232 0.014646847182097881
53 0.6442307692307693 0.5381767732458781 0.021634615384615384 0.014674818464475364
0 0.2956730769230769 0.7585787630367851 0.09134615384615384 0.04913983180727208
0 0.4795673076923077 0.7528331907041289 0.09134615384615384 0.06356290873034928
0 0.2091346153846154 0.790835729202379 0.0889423076923077 0.06113109129412537
0 0.3641826923076923 0.783021966104408 0.0985576923076923 0.08287759180825123
7 0.7596153846153846 0.7447668439994453 0.11298076923076923 0.0974684964255936
6 0.6598557692307693 0.7687641906796545 0.06971153846153846 0.12581116718895055
6 0.6165865384615384 0.7764792122239899 0.07211538461538461 0.13064683077902062
0 0.2704326923076923 0.8201705384248268 0.09375 0.08282164924349572
6 0.6995192307692307 0.7839276645204241 0.06009615384615385 0.08964158975174777
25 0.45072115384615385 0.8168707691695831 0.10576923076923077 0.07815381334769164
6 0.7295673076923077 0.7835780234907038 0.040865384615384616 0.05576397333888094
28 0.6754807692307693 0.12865918559958234 0.12980769230769232 0.2573183711991647
28 0.5709134615384616 0.1472029742814721 0.13221153846153846 0.24432688206922995
4 0.8822115384615384 0.12074415475203347 0.18269230769230768 0.22087581746069818
50 0.44350961538461536 0.2556566060936391 0.07692307692307693 0.03454892718992957
50 0.4795673076923077 0.29129472916566734 0.05048076923076923 0.039048935391468205
50 0.4074519230769231 0.31977809840622634 0.06009615384615385 0.053583897444055464