38 0.2260788096776654 0.39568611797971887 0.07741255779659485 0.08502969642069881
35 0.2901225680109016 0.5442778810654527 0.15699121389418422 0.12922197950839062
16 0.25119252642756745 0.6243591867012572 0.04823075992288586 0.027001733339859814
16 0.24390406954304758 0.6374964267002782 0.0506485912445468 0.02943355077608345
16 0.18625371735418428 0.6296135774616771 0.04827271542633022 0.03421327180139828
16 0.23778956539982124 0.6554553446481802 0.06031991653119056 0.039160820520978544
16 0.16809201210609756 0.6522403313053835 0.06528144568484565 0.06565907077804148
16 0.2880955200329055 0.686090818501187 0.0676852918386918 0.06568704206041896
0 0.7958516786840716 0.8049875139548202 0.20534784032740314 0.17785832823286596
16 0.22202471372167323 0.6793119928511875 0.0676852918386918 0.06568704206041896
40 0.5188779346148016 0.8931169703275491 0.096713252866438 0.0972726974489504
40 0.437210098639199 0.881348639034403 0.07730067645407643 0.06579892718992944
49 0.7007211538461539 0.9411057692307693 0.21875 0.11298076923076923
6 0.6069711538461539 0.9615384615384616 0.13221153846153846 0.07211538461538461
40 0.45724421366416956 0.9500960103192279 0.08940381823019604 0.0803618605248946
34 0.9398680818791596 0.2236911416662179 0.11341430943302774 0.07583388104097835
34 0.7717806582915213 0.1904831518997854 0.09414158469881428 0.068398572320419
34 0.8545665063371584 0.21668854575719745 0.07952271542633035 0.034576898472307195