16 0.8768314533082641 0.2931804723687402 0.030525036994795585 0.050262753910701966
53 0.6584172299379925 0.30014097157617897 0.04553572301989725 0.06818259240451455
16 0.9019459216875005 0.2948736396199529 0.027953302526085258 0.04527290903352807
16 0.84777543906853 0.3013759185871345 0.028121190840949432 0.05008060134122045
16 0.8237789496087845 0.30199552120502715 0.02314561021839295 0.0449086038945649
16 0.8033042852223762 0.30474574112254366 0.025717344687103277 0.049898448771738796
16 0.7791399074477664 0.3101730360481286 0.030525036994795585 0.050262753910701966
21 0.6119047114405947 0.3276403319347904 0.0810897503829969 0.056491804023661274
53 0.6886599000488075 0.32661914201907233 0.0424603236065944 0.04876967060426374
18 0.6657317583522159 0.536937749105318 0.10423536060138971 0.10140040791822617
43 0.5815131988101684 0.5457169351910192 0.0748015976532114 0.08238765400752421
28 0.1692802882984269 0.6105188707262148 0.06977260728490713 0.14434119629907946
28 0.10684896525001683 0.647615684324918 0.09185747786836727 0.22752918608570136
37 0.7682233374427849 0.7257651918092909 0.06918499818288272 0.1275142732221564
55 0.5817802475389071 0.8813446338820727 0.050091582855293165 0.0613353590819394
55 0.6758927290415093 0.8981880689260122 0.043299765180915 0.07280813214272541
0 0.36252658259431464 0.9123435946279732 0.05034341532758942 0.06854689754347759
55 0.6165368054064022 0.9158719607244646 0.06236264609682033 0.06945766039088551
11 0.2766863791881837 0.9332330877676461 0.14118590422915075 0.06104561826070064
0 0.4085621410199938 0.9328300810615441 0.05017552701272525 0.06373920523578555
41 0.6566466926048979 0.9344099824278932 0.056043958955350186 0.025824124482691575
0 0.35508991653335376 0.9536643606670617 0.053640112801504165 0.02564197191320999
11 0.2709553011487384 0.960039700598917 0.1110805880215156 0.0228020951192293
4 0.5440590411872146 0.14218129235795002 0.0664987851450558 0.050591196299079454
37 0.3196619073052015 0.18315994285819806 0.0471001275994224 0.04432628343553453
37 0.4153960326718872 0.18789307084816584 0.02529762389994284 0.03787921800250803