53 0.7677779466777618 0.07570961101634802 0.15574820104783116 0.15141922203269603
53 0.6514151784752441 0.08961155032912774 0.1315419118151039 0.1513042632358744
53 0.5327184923248244 0.11692891983380749 0.12679016207216684 0.15602803696218107
3 0.27413804515741125 0.2104028309209409 0.37153492924643283 0.12184634615131132
6 0.5573600205650326 0.3749647477560335 0.1354824943690904 0.07686895104802935
50 0.2817848226264307 0.4543092969549398 0.061410804117901424 0.11402975149808998
50 0.22663621749985718 0.46729359141010574 0.09548421950741168 0.15067487387548192
6 0.5478573631444724 0.48813433379492055 0.08265382154923027 0.08075353896047943
50 0.2156519241785979 0.5564456955558776 0.10454017847524409 0.10276578796133015
6 0.6186869108358012 0.47968499625794353 0.07046676308573378 0.0661206655839382
50 0.29492290469076576 0.5502533466553218 0.07069053334475474 0.08535143481470743
50 0.2069036493169191 0.6311327634878796 0.044024455393426226 0.06565911338631708
50 0.264581971368038 0.6289238174343287 0.08282164924349592 0.09517661588355636
50 0.32015014573027556 0.651997215286855 0.0730943794986009 0.08539339410540017
50 0.2341571241981774 0.700382749751797 0.07080241847426515 0.09496681943009204
50 0.2945329908681073 0.7233722290229377 0.0779020718062932 0.08547731268678596
26 0.51635898986433 0.880590646232236 0.5289597231062924 0.22553523850788382
26 0.8918269230769231 0.8257211538461539 0.21153846153846154 0.23317307692307693