0 0.4095651508410977 0.3524911228677347 0.1671686117707725 0.13120845569273515
16 0.45203565229246656 0.5307104341549675 0.06114532553744649 0.037456445814636814
16 0.3794656266108551 0.5167639383633009 0.0659530178451388 0.03756834609519243
56 0.4303105721013799 0.038402573504113115 0.23081345189506747 0.07680514700822623
16 0.5163670783841652 0.5508623708222218 0.06149504943454404 0.04947567658386758
16 0.4214851000866616 0.5554762475170403 0.07825202773204755 0.04746348141196595
16 0.5303576248039337 0.5769969527430017 0.05145999614264231 0.03482879909967957
16 0.3592648792043397 0.5665463357796472 0.044178512901684425 0.03225710252499999
16 0.5286881988339923 0.6022932874986642 0.058811424163019904 0.039804341828205025
16 0.41992059128584963 0.5843783515034718 0.0856734005318447 0.054842870294337695
56 0.6256166411879842 0.05645738484999978 0.21277174391443 0.11291476969999956
16 0.4782773743826426 0.6058720865983436 0.03944076537341154 0.03454904839829066
16 0.5484435539104079 0.6198745325302881 0.07097054449108953 0.04489178483728624
16 0.4268045164132089 0.6142865530758544 0.08616301398778112 0.07166979337126077
16 0.5516167926378687 0.6462608900823178 0.0758481815782014 0.04740753127168828
16 0.4863981949766348 0.6369542361775102 0.046652303834950004 0.03471689881912381
16 0.3632424828951248 0.6205769241009078 0.04431840246052342 0.0370647948326923
56 0.8215172408996543 0.08431436185080059 0.20810394116557654 0.13456345423130361
13 0.6051936296353502 0.9168324528016556 0.11902174391442986 0.12768560673333368
13 0.6626982135523176 0.9503733937358969 0.10285004750586506 0.06725375204551298
13 0.5729037066801844 0.9644907547655445 0.08051598432705472 0.04271173924455131
56 0.42014487798676614 0.09606188143103599 0.22754454473460434 0.14222259381506427
56 0.6222998998110199 0.14066889087168752 0.22266690764749258 0.13970684738066255
56 0.8134277796047075 0.1783161374820506 0.20577003979114997 0.13691135024487197
0 0.3722741761574371 0.22827442483162363 0.1347994953000603 0.09201956540758562