26 0.6513656429638514 0.8675772579395103 0.18940204720167733 0.17328799707710865
55 0.32360426963476024 0.8191309553622624 0.19893351796992909 0.16658037957021485
41 0.48889624296140394 0.8771024379837283 0.16041603694363538 0.15975700344394392
41 0.12573450246049428 0.7702760472111786 0.20133736412377523 0.16670635980887602
28 0.2408452994785319 0.07636293706236932 0.17209961232433485 0.13154075079109598
28 0.9417745538118896 0.30191407994768077 0.10716779488811093 0.1257354381933986
28 0.3857745087034272 0.1272539722706001 0.1696677948881112 0.12901092439858866
28 0.8219878297140574 0.2607592987838537 0.15753667898936996 0.11876563858989822
28 0.6769747066420291 0.2170798020371614 0.16480416001566367 0.12395127161357401
28 0.5331495210057352 0.17466521848672273 0.15756465027174757 0.12116948474374444
22 0.2605490543137783 0.3467905185604196 0.18596326359985965 0.0842197091461398
22 0.6842536471135694 0.521733251572675 0.19071501334279672 0.07966397731576982
22 0.2623375322553171 0.3998011141836961 0.17154018667678272 0.08346382771417282
38 0.23664876505657675 0.5403682348740075 0.17399997539538412 0.0883975002605263
5 0.6235133117074165 0.6773005818793228 0.19155415181412502 0.15177936193115443