55 0.25566888984770275 0.2697876686823793 0.06401065378750005 0.065631099495664
55 0.31073355082505316 0.2787597138030789 0.08771341448429495 0.05148773539636313
55 0.3306067417299677 0.3025604194413308 0.09045296147980768 0.06593878360181768
8 0.3780662033857368 0.4317807148190933 0.1624564458146368 0.06197022976545355
8 0.37722695128157013 0.46783840712678565 0.1668724871403846 0.04519924925328571
16 0.21379238295112138 0.5202072379180434 0.038965089724038456 0.022082155902657163
16 0.15951001899861067 0.5292500533100011 0.04617662818557692 0.022166069749789886
46 0.5833982191095616 0.48947133838077295 0.041312985737606805 0.01970628103118863
53 0.8567942589738778 0.46225813629245294 0.02459796294123934 0.0243181743622376
46 0.6206858095643158 0.487835860426997 0.036505293429914494 0.01965033846643339
53 0.8097514085530444 0.4700151147603548 0.02918185468782042 0.014758732311608224
53 0.7435057639715807 0.4767939404103544 0.024486062660683726 0.01951048205454529
53 0.775929711978365 0.47761825117517975 0.027001809095085497 0.02434614564461522
56 0.3012530168651171 0.5312055168804914 0.13148619651602572 0.07362583386377554
53 0.8299882753697645 0.4781908203986067 0.039021039864316265 0.02448600205650318
53 0.6998448822204056 0.4941243465700744 0.039021039864316265 0.02448600205650318
46 0.5697574392113244 0.507654026587696 0.06311545154305548 0.02716956103412553
46 0.6202941585823714 0.50466278350392 0.02918185468782042 0.014758732311608087
53 0.737104497605021 0.4936907916932215 0.03410144727606861 0.019622367184055634
53 0.7948807305077453 0.48941371168538966 0.038853189443482976 0.01727446359496472
16 0.20233164864561917 0.5479773394579734 0.038797239303205173 0.014870617441118564
16 0.14321361731527732 0.5582780204916094 0.05590391308151715 0.027085647186992672
16 0.19352653612521317 0.5649021620232181 0.04623257832585473 0.024569915903636178
16 0.13085868570437986 0.5728409538265743 0.06071160538920939 0.02714158975174791
56 0.3037397832903307 0.5792404830338481 0.11935506546623934 0.068678285144195
50 0.575654149376335 0.5640604973559478 0.041536786298718036 0.029321665646573243
16 0.12398184314545889 0.6101704974171338 0.06367495294583338 0.05120802257258707
50 0.6177494321387816 0.5623690768374165 0.044052532733119806 0.03415732923664304
50 0.5430623509487175 0.5704477250526607 0.036840994271581204 0.034073415389510316
16 0.18776769143279862 0.6058234892033579 0.06607879909967956 0.05123599385496455
6 0.5335848318059289 0.667887408130563 0.1887309030861111 0.0550663754100689
22 0.30599772445918727 0.8952343671351068 0.2176330070725428 0.05780587695244622
28 0.8151795770990383 0.18517333117077436 0.13545865647574828 0.2442989107868523
28 0.6862660820967412 0.1998909486241302 0.1378065524893165 0.24192303591538378
55 0.30167766761244635 0.2548331373941278 0.04645637888696582 0.034185300519020655
55 0.3907878257255874 0.2465866614846179 0.04410848287339748 0.03656117539048919