0 0.2593042461986613 0.13308400873966442 0.06473823294142428 0.07728669128626163
28 0.8029010903020714 0.15996444515268993 0.1361469435812846 0.30122198312495346
28 0.7074245813795018 0.17854570543522053 0.08611156668061536 0.23363458746096522
0 0.282468397994379 0.16299223398459337 0.07972086809985732 0.09660137152391965
0 0.19798405871266606 0.175500945627342 0.0714601579470262 0.060501723712782916
28 0.5242426602312577 0.19643550126606815 0.06910053291901673 0.14460836876176872
28 0.43247683770858675 0.21139001456610731 0.06809558235356078 0.192671306670877
31 0.11654593042636628 0.2072194487491377 0.08422305763628876 0.16873074130711904
8 0.5016067073718508 0.27227552903864777 0.1645549312786678 0.12112931393589904
16 0.8473187742862616 0.3267450569047943 0.057876418376983235 0.08926396655204805
16 0.9552470444813701 0.33452918589159 0.06268411068467554 0.08929193688767761
16 0.9011605060198318 0.33484385216742285 0.060560043648507644 0.09889333633524745
16 0.983953308768685 0.3391690561855047 0.009939384858899284 0.09379195550344435
18 0.3323654758720759 0.5544625352822391 0.18497476175956867 0.16210657989380195
53 0.5296464736998824 0.6302248432766879 0.03236911647071221 0.038643345643130815
53 0.45364554073605046 0.6402807606782386 0.02268378707590803 0.03618355881802525
53 0.4845108444492432 0.6533201073428001 0.03498279696281678 0.0458688692724842
53 0.4978497772913177 0.6904958117205268 0.03505274174223635 0.048272715426330354
53 0.4558524143784295 0.6883367060034394 0.034912852183397354 0.04346502311863805
26 0.8844400906479044 0.785585983765299 0.1923189635986173 0.4145104260476481
53 0.030865087703727017 0.8627080584583807 0.061730175407454034 0.10381290998545804
53 0.2124509247426483 0.8760193145401813 0.0700355387050532 0.09414158469881456
34 0.31144114755364904 0.901881237768175 0.10324399252879943 0.16163108418809896
18 0.4356717549800345 0.9275963167341132 0.1553592153398003 0.13549645018771683
13 0.1304182658312827 0.9281705099696693 0.15472971232502467 0.11386183480310144
13 0.04556975028981422 0.9467517702521999 0.09113950057962844 0.0631433177194807