55 0.339910724901606 0.20193674894837768 0.06852451173778434 0.07323898514405083
55 0.3899928808707933 0.22212770239803184 0.0923951361134746 0.06488340291527778
55 0.40387048701486344 0.2526218209660649 0.09500877872078493 0.07702861392316972
8 0.414699961291526 0.3889481604226593 0.16480423576370903 0.08548973315203562
8 0.40209330045259556 0.4232319077698112 0.16691436688270536 0.06878879031377358
16 0.23376113074732555 0.43565629370686143 0.03888113136846675 0.026054145357040016
16 0.17975851086717276 0.4336831567690452 0.04613462912069803 0.02883593222686966
46 0.594197279599001 0.49361934471143426 0.041243018231620084 0.02377627944185516
53 0.8589201548491052 0.5313812206470688 0.026861900599235773 0.025424244163734337
46 0.6276832885900758 0.5014710059855627 0.03647728521462067 0.02592816511837885
53 0.8133519761527604 0.5277652297970155 0.02913986888100367 0.01833868594085704
53 0.7486579264523784 0.5191474654716358 0.02441609515469714 0.02289441777122702
53 0.778538166212684 0.527188097103756 0.029307706043774955 0.027954070556241654
56 0.3148415309723559 0.4686325809769975 0.13368011363578758 0.09106352851097896
53 0.8311290665624497 0.5412434549301336 0.03892309065915957 0.02845799151088617
53 0.7017199875163391 0.5252098493562977 0.03896504994985232 0.030861837664732324
46 0.5747357342694213 0.5078483404668774 0.06308743006969965 0.03692933235903613
46 0.6238047839698033 0.5172849763435544 0.02913986888100367 0.01833868594085704
53 0.7375888630159136 0.5341374534686879 0.03403147977008176 0.023398338725871673
53 0.7926885077462575 0.542057215671789 0.04120105894092719 0.02137243328800901
16 0.21529171204120465 0.46184153011220475 0.038797212787081106 0.02124645304934771
16 0.15772528222097545 0.45765351737853405 0.05823777847131451 0.034273525727867786
16 0.20304170517316328 0.4756925851516644 0.04613462912069803 0.02883593222686966
16 0.14193244505820413 0.46808777354521613 0.060641624625160664 0.03439950596652895
56 0.30438696054311465 0.5172134250085652 0.12393885114832442 0.08334806909479599
50 0.5653572090450246 0.5635777328406529 0.04385666083893041 0.035921490449746955
16 0.12451809191158142 0.5026234813696905 0.06586890983978126 0.05868992798231268
50 0.6072356999292146 0.5721903863563904 0.046344425574162344 0.04085516299610043
50 0.5317453221818713 0.562937610028063 0.03909092782193086 0.038073376126270785
16 0.18676633616742444 0.5137710720875772 0.06827275599362742 0.058815908220973975
6 0.49769894605862075 0.6559844970961424 0.18871681943009205 0.07953799707710865
22 0.220975089915818 0.8241923981496682 0.21768885114832442 0.08826129840258108
28 0.8950374325694737 0.25089732369831985 0.15820992007820814 0.25806273527431406
28 0.769213143108786 0.2358766708434152 0.15816796078751538 0.2556588891204679
55 0.38800862762387545 0.19821522109823148 0.048748271728008365 0.04098114323476159
55 0.476636240635987 0.21158279842161481 0.04634442557416221 0.04085516299610043