53 0.8602743949810817 0.17513417728279987 0.1643305169817331 0.19124865939861127
53 0.7392997571187792 0.14827023366031045 0.14219239010880358 0.1618989542899574
53 0.6171022165342073 0.12258023804460522 0.13983050324565044 0.16424685030352576
3 0.3349859677828268 0.09677532733119686 0.3821993718771836 0.14585935293311997
6 0.5285618756268445 0.37302582928872907 0.1408496928066333 0.08497587736688043
50 0.2371868962309686 0.32656442570651734 0.06936369755164105 0.11935506546623934
50 0.18090630806904817 0.31323036664075876 0.10609273851041859 0.1586558560319445
6 0.47146916458859134 0.47510436067772477 0.0904108828665568 0.08620477057489331
50 0.13142374875391527 0.3926402099890493 0.11006124500425432 0.11069083323557703
6 0.5420049925108175 0.4983895052005346 0.07573605019932281 0.07144599281014954
50 0.20786429383402463 0.42207484524716893 0.07607172452486552 0.09067676204091878
50 0.09058542707605446 0.4590247249821582 0.046847937062476176 0.0683707449729701
50 0.14669817807520363 0.48197416866330134 0.08825879245686757 0.10057189735769229
50 0.1879682592443475 0.5286263730412395 0.08087941683255782 0.0907886623214744
50 0.08683888362003772 0.5358918517649573 0.07864340784148299 0.10034809679658133
50 0.1340976005284506 0.5838858545705129 0.08328326298640396 0.0908446124617522
26 0.2704326923076923 0.8461538461538461 0.5408653846153846 0.30288461538461536
26 0.6766826923076923 0.9122596153846154 0.3004807692307692 0.17067307692307693