46 0.24484856111978587 0.6755675872906802 0.20717830974881093 0.05412665943695398
6 0.642209587780905 0.604555952426095 0.04360488615776193 0.03212490009682224
6 0.683047001113912 0.5990555125910619 0.04357691487538445 0.02972105394297609
46 0.24985205240412142 0.6920302052286402 0.21201397333888086 0.05689481072976303
6 0.6268223436811146 0.6261726364354174 0.031529712823775924 0.026406444941721875
6 0.7060653529109049 0.612950063180987 0.029097895387552287 0.02382044621839441
6 0.6652978677838419 0.6244601184006353 0.04357691487538445 0.029721053942975955
1 0.7409079785657995 0.7125633887467064 0.036645089237621914 0.05321305777299301
1 0.7781815795916037 0.7109419469966652 0.05833564718699281 0.059660123206019586
0 0.5815417067766383 0.766743842309539 0.10660836924055896 0.08013009767257383
1 0.8084534267737014 0.7278958091089146 0.09179369436419577 0.04538333610183816
0 0.70911338062475 0.7715128330500923 0.12351920616461488 0.08861670412048338
33 0.2662331190936309 0.8592065205809815 0.08463809846741227 0.04964457070108598
39 0.1932794380722321 0.8960121739501695 0.0729545230867128 0.07757996169983163
33 0.32658101448118315 0.8762873217285575 0.08477795487930037 0.06166380147031648
1 0.7708729837070576 0.8065314040667737 0.05632339898643306 0.09313181679038388
34 0.8478799744772672 0.8079140603049019 0.10677619693482453 0.09455317459565074
39 0.4745853806369873 0.8795080156285174 0.07281466667482484 0.06556073093060114
0 0.6978773457620924 0.8397312882051924 0.10423249436909068 0.0823517912569384
0 0.599459509866288 0.8592187743231678 0.10428843693384565 0.0871594835646307
39 0.26826019500069337 0.9300289058347022 0.07032690667384582 0.05816703989958109
39 0.18907312833565834 0.9480591713968249 0.06546327180139827 0.052995042452925606
39 0.3463572237183158 0.9217051011727049 0.09190557949370597 0.054998720717222775
39 0.4183886944865675 0.9090289856267191 0.053472012314545125 0.05448812575936411