35 0.6652776892658979 0.049319603032217336 0.15982923685281955 0.03716084959779019
17 0.37259825247229933 0.40375927008223833 0.09344797203837232 0.11523819190738585
38 0.4841056931859097 0.38671782259911314 0.11027489511529541 0.116120053578014
13 0.29956498317307695 0.6185261225961539 0.29862098798076925 0.6127041225961538 0.3055964206730769 0.5785319639423077 0.2026068966346154 0.5218790384615384 0.17820380048076923 0.5361749326923078 0.29956498317307695 0.6185261225961539
13 0.2833467283653846 0.6174008677884615 0.2013666153846154 0.5480501971153846 0.1650680528846154 0.5574621274038462 0.1678955889423077 0.5599566754807692 0.24865970192307693 0.6424982764423077 0.2833467283653846 0.6174008677884615
10 0.2053047235576923 0.5493502475961539 0.1658972716346154 0.5553192283653846 0.2478309278846154 0.6446410985576924 0.27894279807692307 0.6201757692307692 0.2053047235576923 0.5493502475961539
25 0.4939557790593994 0.5883838282352256 0.06696077987704968 0.053882235674620506
52 0.46263436221243465 0.6180590752519611 0.06475283217303239 0.058563947743651514
25 0.5272443606915374 0.6286720801573509 0.08457129675328819 0.07399486657601774
20 0.6155724406564087 0.6188472819454062 0.06455693372320354 0.0537562554359592
52 0.42370961000427354 0.6569717661680978 0.07206231985948527 0.061345734613481154
52 0.4838547384628846 0.6589193490577038 0.06166334144478496 0.041611044428067276
20 0.6329911492262605 0.6643262777008493 0.1066956582624757 0.08714791949319899
0 0.6149970157372485 0.8103309918921588 0.09708027364709136 0.08664399853855433
36 0.7786279202706663 0.7851808118479406 0.08726899058187762 0.08133238527621736
36 0.7089918887995346 0.8092346058153286 0.08726899058187762 0.08133238527621736
36 0.9125576603116496 0.8090626282898886 0.09207668288956992 0.08158434575353969
34 0.7665638050324204 0.84477304473945 0.09168488598991222 0.07196896113815508
34 0.8487843203877617 0.8370371420846985 0.0820695013745276 0.07146504018351042
40 0.23076923076923078 0.9675480769230769 0.08173076923076923 0.06009615384615385
34 0.7308040505429136 0.8946920137058861 0.09457847826833078 0.08411417214604729
34 0.6434330205926793 0.9105894174217768 0.09958206902585195 0.08917382493106164
34 0.8096146951173147 0.8819594483854506 0.09418668136867307 0.0744987875306624
34 0.9078030327598566 0.8666289557435352 0.09688437519726224 0.08183630623086202