16 0.9327981783385682 0.22856478271522565 0.030021106791987124 0.05283546014094521
53 0.6948174091077988 0.247990982724178 0.04729563099113239 0.07343979906931718
16 0.9615604069743052 0.22981586103581886 0.02990920651143151 0.04802776783325297
16 0.902554275924519 0.23943104728512057 0.027673210778418913 0.05504308205227675
16 0.8761119682322113 0.24158951395278194 0.025157464344017146 0.05003916550206977
16 0.854449377777457 0.24455745521233704 0.025269364624572486 0.054846857809762076
16 0.8278951698045938 0.2515236141876907 0.030021106791987124 0.05283546014094528
21 0.6449231114108971 0.2784558873880364 0.08536551847072661 0.05975246387262878
53 0.7302316748022968 0.2726918498556887 0.04438823357478638 0.051608959442187116
18 0.7165029499374461 0.5017440193198747 0.11041108253418813 0.10498393706700632
43 0.6238429727338137 0.5141063449643818 0.07882538169252157 0.0880099449912386
28 0.177900531186164 0.6032924452142111 0.06837275485106852 0.15433651608635765
28 0.11210148278787338 0.6470520382236457 0.08972962941239335 0.24725246387262864
37 0.8366632628034183 0.6994730510168042 0.0679251537288464 0.13510574685558815
55 0.6430107572509608 0.8760324584831554 0.05193547287799141 0.06662070909280807
55 0.7434687444499991 0.8894256556821545 0.04500368511784213 0.07805126713449467
0 0.4032685635404907 0.9195952321518265 0.05210332329882483 0.07383224755434653
55 0.6818349666852556 0.9088524507893556 0.06395470364722218 0.0676018303053813
11 0.3115027836422535 0.9450805995212301 0.1525613104978633 0.060439050355347274
0 0.4545316297960996 0.9334052570916073 0.05165572217660264 0.0546014783235773
41 0.7269765172756937 0.9279607286431152 0.05808395867425221 0.02153630489727531
4 0.5619664637892627 0.0800892260859757 0.07083054126709407 0.053767426109848485
37 0.31956864829369647 0.13466553168946924 0.04908402560192307 0.04719371561952416
37 0.4250861034316772 0.13684897271113144 0.027337509936752206 0.04062000512919983