56 0.7732551595745727 0.004892381255188389 0.12639875350694452 0.009784762510376778
56 0.654264774959188 0.010465965999669275 0.11929911532596166 0.02093193199933855
8 0.526049651771314 0.04556877672585991 0.13249329904102572 0.09113755345171982
56 0.7706265079205662 0.037389842474481856 0.12656660392777808 0.07477968494896371
8 0.39934417743189093 0.05972475166580769 0.15541275777393165 0.07896545675451312
56 0.6516361233051816 0.045406424177934585 0.1120875768644232 0.07328286434999862
46 0.2433348987335999 0.6282551372422691 0.03449309825801286 0.03860782828043423
46 0.2781067427539524 0.6292196942155555 0.04735158113141033 0.07557628343553446
46 0.35706998991906996 0.6388336594226636 0.039580541267094066 0.050991364188628444
46 0.2189047862131939 0.6469035860140081 0.027561310497863298 0.05008060134122051
46 0.40989865516340757 0.637230149047915 0.07055079056570517 0.04134011682265801
46 0.24495544292355712 0.6617268308266337 0.04874832476025643 0.03248920523578528
46 0.1935794714483434 0.7040135732472852 0.04740753127168814 0.07798012958938089
46 0.3881231594890485 0.696470753580816 0.054227418751282085 0.06169966422090257
2 0.6751869493826916 0.6831169830662294 0.21651601414508548 0.12678850176078335
46 0.2882796188940165 0.7076358544450708 0.15066101560651715 0.08100499776939621