13 0.5540865384615384 0.36778846153846156 0.038461538461538464 0.040865384615384616
13 0.5216346153846154 0.3786057692307692 0.03365384615384615 0.038461538461538464
13 0.5793269230769231 0.36899038461538464 0.036057692307692304 0.038461538461538464
13 0.49278846153846156 0.4026442307692308 0.038461538461538464 0.04326923076923077
13 0.515625 0.4014423076923077 0.028846153846153848 0.03125
13 0.5637019230769231 0.390625 0.026442307692307692 0.026442307692307692
13 0.5372596153846154 0.40024038461538464 0.03125 0.02403846153846154
3 0.7680288461538461 0.35216346153846156 0.10817307692307693 0.0625
25 0.37259615384615385 0.5901442307692307 0.0673076923076923 0.0625
25 0.4362980769230769 0.5745192307692307 0.07932692307692307 0.0673076923076923
16 0.7572115384615384 0.08413461538461539 0.0625 0.052884615384615384
16 0.7091346153846154 0.09615384615384616 0.05048076923076923 0.04326923076923077
53 0.24759615384615385 0.3245192307692308 0.036057692307692304 0.026442307692307692
53 0.23197115384615385 0.35336538461538464 0.038461538461538464 0.03365384615384615
4 0.59375 0.26322115384615385 0.12740384615384615 0.10817307692307693
53 0.20432692307692307 0.375 0.040865384615384616 0.03365384615384615