26 0.8537509763276255 0.7396186419321297 0.18505011516119213 0.16316869150707938
55 0.5547026798964926 0.8637282190458431 0.19421765604054067 0.15405722784633943
41 0.7206503782487101 0.8309341309204311 0.1556441566449932 0.14963769787391465
41 0.3667021696207996 0.9145460425154591 0.20086938983203403 0.14241593779309214
28 0.14142529617480104 0.2685004418470127 0.168723702359962 0.12154742545972794
28 0.8646108306285952 0.09324620864412089 0.1733074727996364 0.11699169362935792
28 0.2869962826863308 0.2379791088271437 0.16620789527210683 0.11901759906722062
28 0.7158819186223322 0.13357189663736627 0.15385278170084915 0.11117615941237634
28 0.5717927575227479 0.1700398549225201 0.16117628109639648 0.11395794628220599
28 0.4324553082638516 0.20505392965342853 0.1562566278546953 0.1113021396510375
22 0.2818692772133494 0.49006289357469485 0.18331140675670488 0.07435236405343286
22 0.7199257679560469 0.42734504836124165 0.19029902335022525 0.06992261246172404
22 0.3092929000419098 0.5356151010687528 0.17129217598747404 0.07372246286012704
38 0.35276634726402534 0.6670758689079664 0.17391994400933825 0.07865613540648078
5 0.7419621883917367 0.5900507053908133 0.18873819812879425 0.1393821904459402