56 0.7561388907842805 0.10539483665882894 0.1304603157003109 0.09447722872636942
56 0.6449200770099535 0.0951291417400563 0.12352879342853193 0.09924296553061734
8 0.5201537976931632 0.13167551356611706 0.13666808895680085 0.11854366060046054
56 0.744797113523789 0.1762663426938461 0.12439255053870059 0.07281464300612447
8 0.39947146166877634 0.13938971671383876 0.1535187205746142 0.07779015732759431
56 0.6335782997494619 0.16600064777507345 0.11223331167459022 0.07034087101320431
46 0.19070320709272706 0.647963206327021 0.03575396757704267 0.036253484657099586
46 0.2239370289619339 0.6553705371379668 0.04973331167459021 0.06997725665001954
46 0.29366042169391743 0.6762157918961955 0.04366554651298001 0.04831467092977458
46 0.16582469698498695 0.6622464315719501 0.029102461495023286 0.045826913769039704
46 0.3425192435631243 0.6837140262979372 0.06954782182576863 0.03885312316035275
46 0.18888310185929008 0.679213206327021 0.04989702831036005 0.031529703356296
46 0.136512223347644 0.7113714408798335 0.05241717401819587 0.07479893412552649
46 0.31547060798474774 0.7352568669274816 0.05878866391045575 0.06041781270589407
2 0.5816793489051568 0.7680662131388314 0.21373117397475766 0.12139503212438012
46 0.22313254320399048 0.7311126687358427 0.14871102826692179 0.07776218699196463