38 0.3764265354012579 0.13569144240555925 0.053919552832586905 0.0907890791558136
11 0.29387145540566334 0.16524729205107536 0.034073415389510316 0.037232910511741525
11 0.3310891138667123 0.16294265726050347 0.048552434877342475 0.04254426776402635
8 0.3351013087572709 0.3012477552640894 0.07264683898055911 0.04819140164603953
0 0.16241598363363433 0.3288576220828254 0.07066256206237712 0.08416514979629976
25 0.4985348759364318 0.3045521118156251 0.05120802257258707 0.06426282730607383
0 0.415783996964194 0.31728103838421806 0.05607165744503462 0.06923840792863031
33 0.5514614482446135 0.31000465250990017 0.03653320410811171 0.04212454697686592
8 0.34034255594181617 0.338675258963569 0.09906117539048918 0.04671094122394633
16 0.780050603119019 0.3372101166967176 0.0846940410321675 0.05101496858704612
0 0.22198152517992767 0.3886065616322192 0.07552619693482467 0.08914073041885609
0 0.15957942466824934 0.3948374750774465 0.06851045744992941 0.10571582102348305
38 0.38317907389950806 0.40625005094939964 0.0774265600058738 0.04595544380705755
26 0.405624856473074 0.4767170868278269 0.10238807386279639 0.1261218084583015
13 0.6340461836532139 0.48949947409156735 0.041424810262936734 0.04950397375326855
49 0.5800855159623747 0.4984280382416531 0.041424810262936734 0.04950397375326842
13 0.6089176841673397 0.4982334450539151 0.03410138667188779 0.03963675666558768
0 0.6423486021274791 0.5835013065638637 0.04858040615971996 0.044948113917872505
0 0.6879657364858007 0.5802885532473809 0.058503474881258254 0.07172619823990854
0 0.5788424780271992 0.5981037094688364 0.05841956103412553 0.06451465977837009
6 0.3868564554668493 0.6190324076435003 0.02448600205650318 0.03930098003585933
6 0.4061151959799962 0.6221078070568032 0.022138098467412267 0.04402472818611942
6 0.45901379700580036 0.6251565015972322 0.024597887186013658 0.048916364651243945
6 0.43744910982712903 0.6304106195649588 0.032117109753705804 0.07561050481584776
6 0.42552777854621987 0.6384043603162599 0.0246538297507689 0.053724056958936256
6 0.37392900008566043 0.6438110993930086 0.022389840008810707 0.0656593435707348
6 0.35114840418887716 0.647821322205096 0.03658914667286681 0.046932239284558364
34 0.5456082011090172 0.6329861835724795 0.06814683077902049 0.07446582102348305
0 0.6296169457229333 0.6251069213902949 0.05604368616265713 0.06683456177478402
6 0.3908538226509051 0.6528121700334946 0.024402088209370457 0.03208944157432087
6 0.47728039905985614 0.646218775085665 0.02716956103412553 0.06342338573175282
0 0.6897270852102759 0.6284074484030201 0.05349998359692275 0.054731386848121295
6 0.40777864521614976 0.6618132406739808 0.022026213337901786 0.0344093435707348
6 0.35982759290992594 0.6709516652176468 0.021942299490769066 0.027197805109196338
53 0.7115443559956598 0.7481113583565774 0.05115208000783183 0.059455134998381384
55 0.5043389170297853 0.8033501887387019 0.05875521642265669 0.09336081362452393
53 0.622043464721114 0.8002519139913358 0.0488321477011184 0.06658272930248789
20 0.3964175816481068 0.8212073170388735 0.06823074462615335 0.08167735948502151
20 0.4516361149806244 0.8171284172751961 0.06347899488321627 0.08631716347784965
53 0.7001125221563588 0.7981724068001863 0.05615557129216734 0.0764499463901689
53 0.6593170657469182 0.8027549715084561 0.039160820520978544 0.061439260365067236
53 0.7325504595920932 0.7981037298485962 0.03197725334181784 0.06359127404661699