35 0.8663927228486645 0.15033126630604762 0.16061210106356819 0.09430161581054647
17 0.4383173066683229 0.3725260605957361 0.09157196428536342 0.11868045128773061
38 0.5519415025122866 0.40741042803191785 0.11074678337585471 0.11750896882187607
13 0.2868838245192308 0.539275951923077 0.28815796634615387 0.5334566778846154 0.30772836538461534 0.5049088798076923 0.22950365384615384 0.40625016826923077 0.20055992307692308 0.4085659711538462 0.2868838245192308 0.539275951923077
13 0.2716379879807692 0.5309657692307692 0.2184782908653846 0.42995187019230774 0.17987631971153845 0.4224106225961538 0.1816712908653846 0.4259897475961539 0.22870309374999997 0.5386851370192308 0.2716379879807692 0.5309657692307692
10 0.22179471153846153 0.43292148076923076 0.18148207211538464 0.4207959759615385 0.22709780288461537 0.5402999086538461 0.2663414110576923 0.5315644110576924 0.22179471153846153 0.43292148076923076
25 0.4855600023363253 0.5975776253939871 0.06848264525352558 0.05479404213873998
52 0.443884345625962 0.6117087529034285 0.06624664952051286 0.061851535139279434
25 0.5024159054224364 0.6514635362750957 0.08575716945267099 0.07510312959650196
20 0.5907157914405988 0.6811246571400191 0.06613474923995738 0.05704384283158713
52 0.3915312565739856 0.6311562912229898 0.07345818798205131 0.062313671522276445
52 0.44978306566907106 0.6588918438254263 0.06339520224444452 0.04246672044751147
20 0.5918907443864322 0.7316054263707883 0.11013133183279923 0.09106666112956838
0 0.5192468482555562 0.8589645328108596 0.10051594721741462 0.09045047928557236
36 0.6884392563393704 0.9094111766192482 0.08838481616762824 0.08487255967288558
36 0.6102023560588148 0.8995970068290897 0.08832886602735056 0.08246871351903942
36 0.8076923076923077 0.9723557692307693 0.09615384615384616 0.05048076923076923
34 0.6523545939005883 0.9575042412045336 0.09537255406805546 0.0757193114404977
34 0.734375 0.9735576923076923 0.08413461538461539 0.04807692307692308
40 0.08317257189359044 0.8406206662549338 0.07625368511784195 0.07929464006019825
34 0.5997596153846154 0.9711538461538461 0.0985576923076923 0.052884615384615384
34 0.5096153846153846 0.9579326923076923 0.10576923076923077 0.07932692307692307
34 0.6838942307692307 0.9855769230769231 0.0985576923076923 0.02403846153846154