0 0.4172886469755777 0.335428533035096 0.16307173826094817 0.12382529137491279
16 0.48055272726904025 0.5137694116839517 0.0606416246251606 0.03439950596652895
16 0.4047266751961543 0.5117281738171628 0.06540735764216016 0.03224762029000512
56 0.39587326485996704 0.017807550534376368 0.22443883741224177 0.035615101068752736
16 0.5505160214747357 0.5245390616858552 0.060851421078624776 0.04641873673575972
16 0.45218910526585393 0.5429254053171164 0.07759442557416221 0.04249290609869542
16 0.5677835171039335 0.5488975846306117 0.05098428071908309 0.03149173885803814
16 0.3900247795913966 0.5654316607530757 0.041368896103698614 0.030987817903393625
16 0.5718718181776702 0.5763528450418507 0.05827973776200734 0.03667737188171394
16 0.45513842219870687 0.5740494250784552 0.08493184190777907 0.05008238527621737
56 0.6051757174073538 0.02175382441000893 0.21035143481470742 0.04350764882001786
16 0.5191340603104797 0.5875378718308576 0.03900700924054535 0.03326568381857861
16 0.5913753227979429 0.5909700031325614 0.07038288711262361 0.04211496538271193
16 0.46650120067002143 0.60473251400448 0.08522555694262889 0.06690930835314045
16 0.5990693931024489 0.6182362931858087 0.0776363848648551 0.04489675225254157
16 0.5281139722732946 0.6195488640724667 0.04621854770208381 0.03364362453456183
16 0.3994033048157932 0.6202791914562232 0.04141085539439137 0.033391664057239506
56 0.8134440840405888 0.027028001601225725 0.20322381493455474 0.05405600320245145
13 0.6868483834851632 0.8915342057212297 0.11027104145771843 0.12586141843205978
13 0.7535625624309785 0.922925518388817 0.0950087787207848 0.07702861392316972
13 0.660148236756521 0.9470695169273713 0.07510666083893042 0.03755923355234195
56 0.39818710914025013 0.06815556831321683 0.22565565684233382 0.13190846988779528
56 0.613792892107102 0.083322644645351 0.2232098513977949 0.12937864349528796
56 0.8172535664326447 0.09190808370925249 0.2039790821670254 0.12837080158599873
0 0.36462599462878126 0.21307411804698037 0.13359619505440193 0.08625583620328665