56 0.5617507027405451 0.28087480453444874 0.0948130526652778 0.04621849846785399
45 0.29056368847815195 0.298525249802146 0.12142321077841885 0.053583873775355235
8 0.5316476806162396 0.32997184350670256 0.11941101560651728 0.07039681168446353
5 0.6678566392904918 0.3475889285651616 0.11454737315854703 0.06796499519498767
6 0.6278315117183231 0.4350845727437873 0.18923445434861108 0.0756100738587849
56 0.7954583208134085 0.4600950034453772 0.1220386623214744 0.08002618146766292
25 0.5044260907162397 0.5028669594020333 0.07329033756121803 0.050900324265213084
56 0.7781858064923616 0.5441177374874743 0.12226246288258562 0.08964156608304755
53 0.6750162473679493 0.5519298368098995 0.08312952273771347 0.06057164955185685
21 0.5677933178905453 0.5404901891498334 0.13159809679658133 0.07767827598507591
25 0.30870845466875035 0.5101406297635889 0.08078162672414525 0.06296151053788836
28 0.5918617643772441 0.6451833633524742 0.10353524491431638 0.11116430012514464
4 0.6547554252372869 0.7657253002401518 0.12707015519027792 0.08966953641867711
28 0.8149038461538461 0.9555288461538461 0.08653846153846154 0.08413461538461539