28 0.6603565509502689 0.20491860146100313 0.3140524937556349 0.10167570693118605
6 0.780806697678911 0.26395157578072126 0.21856999625287388 0.1362192763961465
25 0.6167908753773742 0.42686013155760705 0.13865564310625117 0.09933310582012347
25 0.32656704670673686 0.5160677630294117 0.15581824050871695 0.11924951962529398
21 0.7521256512267143 0.46003849353450416 0.21152629495410671 0.14554081333678776
53 0.8807104408121371 0.4664807001443502 0.08083745754186494 0.08977078596063834
28 0.7877968968571796 0.6214614503639045 0.17365218656226789 0.17762747189200268
4 0.8836482149151842 0.7805254455084738 0.17534272477433616 0.13686003650153275
56 0.6775069817683799 0.04925629681048985 0.173832190309394 0.05032157496307106
45 0.1929912075431324 0.10649157952576263 0.22755599150786604 0.10055338098811198
8 0.6537263592662528 0.10241231763534103 0.240036774474718 0.12748543480499194