56 0.4182034866691357 0.27066622774473575 0.10124475472390852 0.060560043648507575
5 0.5176041999092432 0.33757997502949383 0.11382379016318439 0.07292899831483596
8 0.38667689826146084 0.31731853157968576 0.13372632499800774 0.08791163347326886
56 0.643450534769006 0.45547696682774913 0.11930324807493083 0.08749196479675188
6 0.4845991000169703 0.43001027295665006 0.1964502468660258 0.09453789004586846
56 0.6256785716077016 0.539039162150217 0.13439809060206187 0.10233471039634577
25 0.3549066825706346 0.48794377428626157 0.09230113571257803 0.07470334145390645
53 0.5272888207010228 0.5455126673371862 0.07743021505346502 0.06466828816200486
21 0.42937324680020844 0.5363262001344455 0.12880667175630642 0.0853678977605837
25 0.16396885474087888 0.4971101534808818 0.08290967296521146 0.07923125464392076
28 0.45216043264943756 0.6379650758272606 0.10667154609599795 0.12553383458177336
4 0.5155627479762048 0.7588825549673464 0.14172158999760937 0.10494839088845034
28 0.6886792600323468 0.9355817221924946 0.11941520900893984 0.0898958109505979