6 0.664942363539608 0.17027656967576027 0.24826744190126412 0.11970642232597693
25 0.5042614694077658 0.3093131999216101 0.10623074130711913 0.08117313186740766
56 0.814483489764253 0.2930913330363699 0.08722373476138646 0.11929899600340346
25 0.27185677535935326 0.37978335913898265 0.11347025010428716 0.08610670204717835
21 0.6122597317331577 0.3412494449258644 0.18084786825105353 0.09930079295580842
53 0.7337448660931847 0.3277433891058523 0.10623074130711913 0.08117313186740766
28 0.637974810699096 0.46671099712348557 0.1282289710549192 0.14405076548364312
8 0.5322141752240716 0.05015936750384663 0.18076395724416455 0.08487771603273155
5 0.718575185402315 0.042593904840233315 0.17342655227229314 0.06311722277603765
4 0.7178183836300173 0.585905094900157 0.1568513622160365 0.10609273851041866
28 0.563016649853998 0.12762791520593036 0.30337409625813333 0.08942148601191204