56 0.46232863778226757 0.27955910324545347 0.09861698670204433 0.060733585085202164
8 0.44217253388225014 0.3267038619873904 0.13053875230609846 0.07770757716096974
5 0.5751677988818518 0.2990846055721605 0.12343917477856901 0.07952275058727193
45 0.20413247025712883 0.39881845313844333 0.1346746790097367 0.06367694872292216
56 0.7320566033613821 0.349737616521858 0.1266267474704783 0.09654589790670962
6 0.5635338035269573 0.39462520137662754 0.1911947108222974 0.09463241399306728
56 0.7364394712755193 0.4355892932115182 0.13165836164618838 0.10174603869943127
25 0.4648575224305608 0.5080471776039305 0.0841939097789674 0.059556239630114104
53 0.6455938277050584 0.4837149747999456 0.07961013933929315 0.06397148345277706
21 0.538649007128733 0.5175892260859757 0.13797421263565496 0.08310394219620622
25 0.28143415473984695 0.5900716881002229 0.08956140675670482 0.07196791888437423
28 0.5933447028726259 0.602925962913597 0.10873950944781705 0.12382225781274606
4 0.6922316501276499 0.6906421666393124 0.13635409301987195 0.09973464103061448
28 0.9122592590867108 0.7996009339967796 0.09409251065672208 0.11783722004996597