56 0.6704381092783064 0.16349085487858067 0.12359377413615882 0.07190425089783457
45 0.3203056639873496 0.15374395171307007 0.18773151723875395 0.10679446136470852
8 0.6321553195554755 0.21514983864538287 0.17406432174764402 0.12037748971850683
5 0.8098407429628149 0.24699655541146753 0.16609690185413856 0.10553438851079064
6 0.7359939602676522 0.35618413023480755 0.2298567042407502 0.1332130605161261
56 0.8966634902400769 0.3854051344342813 0.07728057440049205 0.10275793515408534
25 0.5593589256503642 0.43639627581232854 0.10221111922886592 0.07545187035160886
56 0.8662749086721366 0.49567833278055473 0.10928645583245902 0.11900111731059923
25 0.3267578706109046 0.4378878261989954 0.12004588421507816 0.0956626962465365
53 0.7754326757806275 0.5106140250013705 0.10043717426832544 0.08733109302595989
21 0.6491098832746852 0.4926540613197339 0.14838811710658734 0.08772740876970914
28 0.6506012029000507 0.6131263852018012 0.13711454615003923 0.14698351404658444
4 0.7095907490500901 0.749539288084963 0.16470089760958173 0.12462514964667985