56 0.5284563484637927 0.35397557230764404 0.11052385832102374 0.06588917331897849
5 0.654827637612595 0.3971013520745321 0.1305382213511084 0.0865771631056004
8 0.5091725144771241 0.41002850687461756 0.13804360748739042 0.09433515927558361
45 0.26728803819740016 0.4432227133799299 0.1525646336353817 0.09783192084631928
6 0.6446653519732966 0.5005757443499503 0.19823771055845868 0.10129281966646914
56 0.8214235512713959 0.4864108037223562 0.13853335361196256 0.10635439004481438
25 0.5335415278724598 0.5963997287071424 0.09629667984777567 0.06960395020978141
56 0.8265434433448967 0.5826557261609431 0.13882720128670584 0.11356592850635285
53 0.7248431955530579 0.6156885502886199 0.09148898754008336 0.06923964507081812
25 0.3464292346286753 0.6505192911027133 0.09178283521482665 0.07645118353235685
21 0.6223103793494461 0.6282886821086046 0.13485616753422855 0.0749222374753328
28 0.6719993744940154 0.7303072732364467 0.12528566738785904 0.13410762847407873
4 0.7762156796122383 0.8472416048699322 0.13593360900828727 0.1013645451676405
28 0.9747596153846154 0.984375 0.04567307692307692 0.026442307692307692