6 0.7556308296760219 0.26716280160545075 0.25330616148061363 0.13124240206165866
25 0.5523609076174893 0.34072428269243377 0.10957590252553719 0.08542431215778105
56 0.8501249672348662 0.435393889834776 0.09454035439275817 0.12329824151729477
25 0.3100762702820683 0.32142861509948545 0.11941520900893984 0.09056778109520171
21 0.6406281357783953 0.4100199299056223 0.18739466692068601 0.10734129442637706
53 0.7596448536636083 0.4394575223926112 0.11197974867938335 0.08550825631521314
28 0.6179792441330036 0.5344323208035977 0.136525348348233 0.14876375373210193
8 0.68156938442487 0.09964523871429831 0.18258697461299397 0.10717340611151283
5 0.8633923379149342 0.15053812060400673 0.1778912432393107 0.1094093639504948
4 0.6464532401252593 0.6726687418555938 0.16128824203040537 0.11362944715616244
28 0.6760569653885999 0.19215134355865923 0.30736305274497566 0.10673080999028897