56 0.4312271836287395 0.29472836912793926 0.1038688676981815 0.045073480269022456
5 0.5496310133795084 0.34966898975650335 0.108872358982517 0.06198432192733131
8 0.4006764656881796 0.35427905219508626 0.1450419364197198 0.07222909590310832
45 0.15686789440824947 0.365645184189764 0.16186885949664293 0.07252281093795815
56 0.6937227682637036 0.4435117213988807 0.1114160615482514 0.07404551198725483
6 0.5243215426234937 0.44656320678965145 0.1858793497527268 0.07053855769104035
25 0.40027256622433244 0.5261120929043934 0.07275872411006959 0.05654724025924647
56 0.6887760616094373 0.5347529770183024 0.12117130257552397 0.0862325799192569
21 0.5004937077681784 0.5675168650066075 0.11365208000783183 0.05966439435487066
25 0.19893688623118524 0.5730682817169649 0.08964158975174791 0.0616486476017886
28 0.5196833621406951 0.6675911750714191 0.10943178463006913 0.11006124500425439
4 0.6111282575404847 0.7809434946262463 0.14274997539538412 0.08180252122780018
28 0.828125 0.9507211538461539 0.12740384615384615 0.09375