56 0.5704555472619959 0.3019734973386222 0.09800061761735207 0.055122620995726596
5 0.6667467473190218 0.36917129924385744 0.1202228421039922 0.07245309533514967
8 0.5302311814943835 0.35155906432494705 0.13962149964962547 0.07770838876506417
45 0.30386518945152685 0.3234352376071584 0.1665674722865257 0.0927469172311967
6 0.6229852892722303 0.45115283916682747 0.19259005919167294 0.08134313800502155
56 0.7868093092363709 0.47902388531431694 0.12793804551012292 0.08704402267906002
25 0.49439095770849273 0.5167250721868594 0.08125763869786108 0.057134816167628236
56 0.7611186694221416 0.5602231282124472 0.13788920675523614 0.09688320785555558
21 0.5697610677190761 0.5629866305219022 0.14194140164603952 0.07536049275149583
25 0.3040254186887701 0.5255261649510687 0.078937736701447 0.05948271218119672
28 0.5751105675112664 0.6509228406282591 0.11030221527056347 0.13226949847991448
4 0.6296397020940288 0.7772936190650646 0.1302579475065371 0.08469612666549153
28 0.7632211538461539 0.9651442307692307 0.06490384615384616 0.06490384615384616