56 0.49160848389738226 0.3321261245761006 0.0995647948326923 0.047859629063600334
8 0.4581214832253202 0.3750858058131328 0.11907531476485043 0.06077454730490299
5 0.5949728635737177 0.38867911751318496 0.10945993014946581 0.060326703568867046
45 0.2178767431913993 0.3578800970276163 0.12349135609059836 0.04417154609599795
56 0.7309839868788992 0.49006879429562616 0.1146033232988247 0.07497370235996201
6 0.5688362717748394 0.4777037389423256 0.19130259966079066 0.06894106763286577
25 0.44307993994204015 0.5560723662254768 0.07317843728066241 0.04903190494334726
56 0.721674318156944 0.5798771422628299 0.12449845861559848 0.08744077686522872
53 0.616659409342414 0.5942376108642071 0.08061377630331197 0.05898317236075894
4 0.5203097376975957 0.5981726350423082 0.14098968085085473 0.07380142648021494
25 0.25121884381752085 0.5796233950486835 0.0902851110589744 0.06183486225064117
28 0.5515857028896362 0.7019035496568958 0.08916811813151727 0.11701136285509342
4 0.6257672229391018 0.8232747610836457 0.12936210106356846 0.09006854488709319