56 0.4354675621483954 0.2780063442777483 0.10367305830731019 0.054688864884407065
5 0.5570995407704776 0.32099067307312085 0.11340032426521308 0.07408747127794758
8 0.41420355371087214 0.34133063373843586 0.14711011109031838 0.08429028596303184
45 0.1764465471651396 0.37563820242138407 0.16395101933505632 0.08698784715172782
56 0.7077734655881209 0.3981323595106535 0.11586011109031838 0.08374481518402509
6 0.5432358705599927 0.41689276348281 0.19040731219517887 0.08985324550319522
25 0.42959160721317 0.5074477740979775 0.07727270611844685 0.06143885114832442
56 0.7131056016888683 0.48836050886126997 0.125559406712592 0.09833572926987344
21 0.5307209676884861 0.5380562181532302 0.11577620008342968 0.06932173826094817
25 0.23890539301684463 0.576227395103282 0.09415556986662907 0.07134795079855885
28 0.5601265282472317 0.6347135757953903 0.11605590343972566 0.11739866133787139
4 0.6592715976031455 0.7373954451753348 0.14716605176157754 0.09390567057841646
28 0.8909918197837824 0.904885075543385 0.13545449468427234 0.1465804895095678