8 0.6648847571579313 0.14565186647426992 0.19456511498430892 0.09004713594967662
5 0.8344818912427463 0.14904166695905924 0.1005631545069866 0.08469402209720724
6 0.7685344275121163 0.2892401193407079 0.24276801829989317 0.09273068545981869
25 0.6125738240605588 0.40848842820551684 0.09499958076732731 0.07024297483850074
25 0.36458950787913724 0.4454955092143165 0.10967461816772656 0.0751345781530819
21 0.7349707859294367 0.45125499428856436 0.15054000278311117 0.07537232600593341
53 0.8459256497223433 0.45910985046958347 0.09752940715983463 0.07266080616016168
28 0.7455054682865695 0.583487510501825 0.1339548185642261 0.12574121389418436
4 0.8273315528981473 0.7233441276271607 0.15154784469240049 0.09460309523670236
56 0.6915943577564877 0.0821247579950318 0.13410124204145563 0.036826876537506124
45 0.29710140642911187 0.12068258992097498 0.23290067320718622 0.08786705248086721