56 0.3765595693544335 0.31904140487548727 0.0948130526652778 0.05168084990203617
5 0.477464152736645 0.37967487542948136 0.10465223784177351 0.06191241636141666
8 0.3489702837864313 0.3666257509583449 0.12175891162008548 0.07500996535764005
56 0.6072978102363779 0.49031083732288544 0.10733583469700857 0.0740856925916463
6 0.4512436357273501 0.4718844208194918 0.18660680763365398 0.07676534665076577
56 0.5969540688583328 0.5727043705170813 0.12215056260203 0.09183688843456313
25 0.3281988758199248 0.5350185865775061 0.08318547287799155 0.06773754567396449
53 0.5004085717225423 0.5833694751540462 0.07094244154764968 0.05735193375358513
21 0.4054286735754803 0.5784866025215106 0.11935506546623934 0.07485591989664118
25 0.14363324336736066 0.5520802626572399 0.07133409252959406 0.0741788568305082
28 0.4356146159711533 0.6779219854757658 0.08911216799123946 0.11612255967288558
4 0.5051562941337601 0.7931202723826575 0.12936210106356846 0.09229902481756014
28 0.6887019230769231 0.9579326923076923 0.10336538461538461 0.07932692307692307