45 0.3721535425958549 0.10112556113809376 0.27791127111331476 0.1568722768334466
5 0.876110453639054 0.23377728830320105 0.15788268005677691 0.11498344418035221
8 0.6966501863994259 0.19364068822625885 0.22362657477990175 0.13129503014775587
6 0.7801677412027579 0.35138163915698684 0.2677358541184112 0.14697711310038386
25 0.5749663283204515 0.42246432699853476 0.11265333595922956 0.08007059199695486
25 0.32340253073588393 0.40069704823640934 0.11844108493108016 0.09703740463271693
21 0.6600584134035655 0.49115805306782584 0.1861688015234118 0.10620739691800168
53 0.7891779195073041 0.5274219666231121 0.11307336024386891 0.08728213045849333
28 0.6392068183864643 0.6217829721656339 0.16252665572869937 0.1535149274213101
4 0.6751374784449523 0.7697115659695103 0.18516503631836329 0.13017591367704368
56 0.7449715628547734 0.12882889741475054 0.1482910039822825 0.073908225226709