56 0.38988068429220346 0.2670102803474124 0.1111960221413202 0.06679201423502355
5 0.4895513580852907 0.34453295392454375 0.12377505758059607 0.07902104145771843
8 0.35026988929339886 0.3181414185839205 0.14619339950327445 0.09622559815087711
56 0.6107413724016367 0.47572257305628524 0.12925451549234251 0.09352803696218114
6 0.4428936520986136 0.4438249338193606 0.21383697461299384 0.10461199675181472
56 0.5813024527609142 0.5663073763777907 0.14938097219518362 0.11309448051849294
25 0.2948298778417095 0.5028538555216614 0.1022524031299897 0.08104725399532925
53 0.47307339537083276 0.5693974675358912 0.08738148247087671 0.07118011363578756
21 0.3703797763595022 0.556778640112606 0.14127374626157313 0.09373783341564518
25 0.08695316600102168 0.5052814110896683 0.09056905516278593 0.0880489960034034
28 0.38325841954893386 0.6670408685093329 0.11684673538142767 0.13654551198725484
4 0.4370287806235785 0.8018091939343198 0.15670447159073111 0.11562420454441735
28 0.6105699389243233 0.969314344410088 0.1169520684607414 0.03566789210710215