56 0.5103197860641028 0.2650057227866506 0.10482008826260693 0.06731432016238746
5 0.6298137219419875 0.2810982719378199 0.1220386623214744 0.08492496977737368
8 0.49598163929049177 0.3210219303961707 0.13187784749797024 0.09498819812879425
45 0.2739905509105773 0.39874198956670104 0.14389707826720094 0.09554800279883935
6 0.6272999853856841 0.37987988611353024 0.18733415945726506 0.10477483807254004
56 0.7874345003787931 0.3327150419964649 0.13210164805908148 0.10460358274417886
25 0.531232074320353 0.4914414382540535 0.09045296147980782 0.06904640071217963
56 0.7978901420373935 0.4200635633428181 0.1322135483396368 0.10941127505187118
53 0.7088369390035795 0.4711370983681559 0.08564526917211551 0.0688224788441616
25 0.3611754538793808 0.5775716450356978 0.08816101560651714 0.07374213208586292
21 0.6145284425398508 0.5032037860307427 0.1266785042083334 0.07793735318385327
28 0.667051391890759 0.5885929910319381 0.12064191869262822 0.1280822396125953
4 0.7714248839701928 0.678786574413478 0.12718205547083328 0.09957196856846852
28 0.9699519230769231 0.8064903846153846 0.055288461538461536 0.10817307692307693