56 0.4508741593442644 0.28459255004084094 0.11032795987119488 0.0566621024690593
5 0.5654935330206295 0.35820749182297146 0.1183230921320489 0.0761447041721248
8 0.4148123768931299 0.3421436742911584 0.15477258133939892 0.08701925114899058
45 0.16417570693118597 0.3177884819182214 0.17410129979508257 0.09009465056229356
56 0.7046145819820787 0.4734852877160912 0.12121668441046733 0.08824787909878751
6 0.5321029120201348 0.4518582804596971 0.19823771055845868 0.09333793829046044
25 0.39662433647158557 0.5143391837150445 0.08187360292469875 0.06527015719525874
56 0.6915587040643619 0.5654457555371436 0.1314197643753385 0.10300673265159291
21 0.49613498865047273 0.5706235374756594 0.12303283521482665 0.0739087463331428
25 0.18741421409656325 0.5346383007089678 0.09899437367636511 0.07306930475882194
28 0.5063564207064093 0.6741987824846242 0.12508976893803017 0.12438951556391203
4 0.5883728573250375 0.801884995522451 0.1552623274639712 0.09903848191822161
28 0.7920673076923077 0.9735576923076923 0.14182692307692307 0.04807692307692308