45 0.3471202112389279 0.08455630661593036 0.27321762165768126 0.14485304606421584
5 0.8795813830519779 0.1829118227856245 0.15444993320734676 0.10777190571881369
8 0.6914169076474926 0.1546195915293643 0.2197035032582902 0.12167964553237126
6 0.8015576871304426 0.30793754643920734 0.2656563592990454 0.1326239809567265
25 0.6060031982252055 0.39711902521402087 0.10786757415181605 0.07519295490984299
25 0.3464577583892404 0.39196883519056 0.11316487991544491 0.09215976754560519
21 0.7015018177106934 0.4599430254575356 0.18301630793582235 0.09899585845646322
53 0.8392204962741191 0.4879683394229092 0.10807740849007476 0.08240449337138145
28 0.7030148792043397 0.5944884652935006 0.1532351483036321 0.14856734555477893
4 0.7614030216001779 0.7438987612919781 0.17890806342232515 0.12289443043608592
56 0.7302189212700017 0.08489519124103444 0.14845317964952243 0.06676663154459007