56 0.4975058059835151 0.3558023700427067 0.09132244530526375 0.0450079391737181
5 0.5869037007717973 0.41419940446359205 0.10700559508225857 0.0673143201623876
8 0.4647975752577226 0.400075935290671 0.12170868819509496 0.07279377807413376
45 0.25233720683209754 0.3853597003231811 0.17755718211307572 0.0849842641717257
56 0.7051714579471235 0.5149173156419793 0.11237331976946982 0.07715362664579012
6 0.5494814903266424 0.4980244703160089 0.17699714973355649 0.07536887955634122
25 0.4364662798597685 0.5554302478185988 0.08749480966172986 0.06161094038262313
56 0.6848561867686512 0.5947184157247668 0.12028489870540736 0.08950874021704795
53 0.5960657414416682 0.6086606877872841 0.0774594007617059 0.05395155818504859
21 0.5071934377968005 0.6033162101520275 0.11139326310531153 0.060326703568867185
25 0.25265390740842264 0.5661519860646832 0.09230250196942211 0.06183486225064117
28 0.5254797131747465 0.6825048390251133 0.09143874485925338 0.08816520900893957
4 0.5744096606666236 0.8149436132820173 0.13725182987721005 0.09269631290895711