8 0.6683722716713155 0.1599297591197846 0.20785257768907073 0.10690684471219679
5 0.8461729428984988 0.16270182664298216 0.10655526259780392 0.0943537793611928
6 0.7793040681226195 0.31084386787578144 0.25601344492342576 0.11070958645443313
25 0.6168536890890766 0.438194244167664 0.1012439053455191 0.07979081287927688
25 0.35784118078155874 0.4822879279083396 0.11823871673730633 0.08508811864290572
21 0.7480464599943983 0.4816347237947791 0.1615079475065371 0.08634712467245692
53 0.8648008867708009 0.4898347379043176 0.1037316956567972 0.08226460381254246
28 0.7613706547426369 0.6225045305227473 0.14420789389670574 0.14107602797556223
4 0.8504999474944613 0.7679814439562763 0.15985959876957961 0.10791179527765274
56 0.694909961188087 0.09466332724204948 0.1409340717568545 0.04732602797556229
45 0.2821772152705634 0.13788631433064563 0.24863401814702327 0.10569205980848227