45 0.359943806971483 0.1208715269796433 0.2658661936373038 0.1459433844756045
5 0.8742712154615576 0.2270322408913928 0.1495722961202349 0.10864633301986902
8 0.6933532509083205 0.19594910760719061 0.21242202001733246 0.1239410499942899
6 0.7997833439913721 0.3479378831349052 0.25830493127866777 0.13354621299039032
25 0.6101335533016212 0.4292056178881665 0.10539378321855034 0.07512868872396822
25 0.35900157500411756 0.41844452910192176 0.10828724282833317 0.09208159203955245
21 0.703193354243553 0.49288709772652123 0.17806872606929092 0.09813886511457207
53 0.8348674450326536 0.5225895591950928 0.10560361755680904 0.08234022718550668
28 0.7033646031014372 0.6225058196762218 0.14828756643710067 0.14698189124274647
4 0.7591740373948805 0.7670413178843597 0.17396048155579372 0.12192536617571129
56 0.7298563355461126 0.13065709911807682 0.14357554256241054 0.06752898792716208