56 0.442552881571747 0.26085068954615087 0.09867345092706928 0.05087471425370346
8 0.40922420763383793 0.29960486895215876 0.13055335212037497 0.06380322715538789
5 0.5427687602206027 0.32395446890734364 0.12359377413615882 0.06840108512482164
45 0.16244692533898158 0.2767755566719493 0.13941285530379274 0.049659929349988946
56 0.6765227264039275 0.4361843430367521 0.12434965556812581 0.08282416204789857
6 0.504264674878302 0.4155233189185474 0.19343129283635846 0.07283332988183353
56 0.6562364575734647 0.524672009662833 0.13193913474564775 0.09024553484769544
25 0.3764352303180681 0.48884423970151963 0.08425037400399236 0.05045504557718635
53 0.5569858739531361 0.5350254275527869 0.07982062241228355 0.05752669447988582
21 0.4453330080379511 0.5293691491559336 0.1405466774517432 0.07129454473460434
25 0.1797658873476396 0.4975668171019065 0.08741010158980543 0.06494806727968284
28 0.4723047907331139 0.6348807113704047 0.10447876352476672 0.11584850518696918
4 0.5402730490919645 0.7620489995324095 0.1366208468146789 0.08798157825268842
28 0.7259615384615384 0.9495192307692307 0.11538461538461539 0.09615384615384616