56 0.4972218737532816 0.25586413331443403 0.09952275599362742 0.06333365548156299
45 0.23687828484294984 0.38753516246168407 0.1261329008487064 0.07510750676460905
8 0.48177079420823027 0.31593570953875283 0.12642661588355622 0.09193442984153212
5 0.6204954595426982 0.27580666174800544 0.12157696428517102 0.08913813520265655
6 0.6067349182097149 0.3765473983451942 0.1963059915078661 0.10724031748984207
56 0.780420251001684 0.32756348365336874 0.1289982992001738 0.10174603869943127
25 0.5074700012524218 0.4938694801670383 0.08033394605355107 0.06416770769529187
56 0.7860373364168948 0.41832096477197855 0.13156998251679125 0.1115576475573307
53 0.6879682592443476 0.46713343120920736 0.08771332167786082 0.07437176503822038
21 0.5793546097689959 0.5012039067377521 0.13857172452486538 0.10012708951564384
25 0.3174883198093674 0.5825903908967476 0.08535143481470743 0.07657938694955199
28 0.6353895254789368 0.5914464479943231 0.11267488761156458 0.12921862284798252
4 0.7310459434366463 0.6808551354032483 0.13637767482448354 0.11195009604235978
28 0.9426804901408483 0.795602716280981 0.08087941683255796 0.09541770769529187