56 0.583839951885348 0.3407138440963349 0.09783252085991433 0.06441603960995292
5 0.6755615532821823 0.41698102117757746 0.12236059585431255 0.08292389566628727
8 0.5404087209943599 0.38464721138236513 0.14180119942334019 0.09148018051135491
45 0.31783025559854067 0.3353606885199938 0.168663175792165 0.10775228371178422
6 0.6299841447921076 0.49328226489156013 0.19242185821294855 0.09981783207581088
56 0.7900626101879268 0.5381983620074622 0.12999180299236784 0.09785125248318767
25 0.497155965142585 0.5466211801537686 0.08100559778299125 0.06323938652436513
56 0.7613121247747754 0.6156762588070327 0.13988696672543072 0.10813901029033673
21 0.5714782234003487 0.5999930421158373 0.14406515601834735 0.08684058150160358
25 0.30955104797345573 0.5371156721451296 0.08100559778299125 0.06323938652436499
28 0.5725310081823058 0.6879855666781336 0.11449383072441567 0.14234767632067666
4 0.6205415995704738 0.817801495660791 0.13239564914621427 0.09801934578112864
28 0.7439903846153846 0.9915865384615384 0.06971153846153846 0.01201923076923077