56 0.6032700113230051 0.3366147119801944 0.09682515693090875 0.06329263148749849
45 0.3326555056798583 0.3052388013062205 0.12337934975272692 0.07444810514656047
8 0.5665418503035642 0.3801176634326349 0.12357514872937013 0.09127502822348355
5 0.6991170154360116 0.4190681086510221 0.11627969642069867 0.08364346547730588
6 0.6483993323703466 0.49899062691879936 0.18859088001272648 0.10467063140062184
56 0.8123643539146822 0.5517804081398544 0.126062908730349 0.09862657477990175
25 0.5168031621211157 0.5441747970850275 0.07756641641776191 0.05976872057461417
56 0.7820653775155209 0.6316910721371867 0.12855066873132814 0.10597812133632008
53 0.6798319877711152 0.6197311127201812 0.08732165744503434 0.07234798372336389
21 0.5749989528962203 0.5908042221313727 0.1356782933457336 0.09918660715942096
25 0.3231117334010459 0.5172791454472063 0.08494578257356594 0.0746118217823303
28 0.5858590595774085 0.6983354083570457 0.11197548719580339 0.12663268005677691
4 0.6317847201071979 0.8259255581123214 0.13338633232139793 0.1086619836799257
28 0.7620192307692307 0.9951923076923077 0.09615384615384616 0.004807692307692308