6 0.6912975749655447 0.17401547411571883 0.2645369870817309 0.11732299008317426
25 0.5296503963068374 0.3081615577370057 0.10515578910427364 0.08053267569265667
56 0.8472658143860574 0.2838597751098165 0.09911920358856846 0.13076161245112963
25 0.27925774038584367 0.385359393415842 0.10727988455673089 0.06859738908085798
53 0.7574562795194442 0.32422532431941914 0.10487603840288474 0.06851344492342576
21 0.6139518571732369 0.34965269399432053 0.1627921466563034 0.08014348931718046
28 0.6567435018720081 0.4718558319261878 0.1305930041496797 0.14146827111313123
56 0.5813670933189636 0.00664297515476681 0.1353427364389957 0.01328595030953362
4 0.7426924770594545 0.5973556673319699 0.14412087882831223 0.10351039759618544
45 0.20499631488215805 0.06730003323007139 0.20147748567895307 0.09110198045147852
5 0.763415974398077 0.03151704872873874 0.18470651274230768 0.06303409745747748
8 0.5633092671559294 0.05309253553409053 0.19242160246634626 0.10618507106818106