8 0.712287342672943 0.14122777440906742 0.2189377181629446 0.13006718385760951
5 0.8893352995023436 0.1735613893780636 0.1195964320559366 0.10739470417212472
6 0.7901062245678733 0.3082225756109747 0.26990823351828597 0.14384924193291404
25 0.5991657312655411 0.40757012928605063 0.11169924901999714 0.09031594862290532
25 0.3307450882120371 0.40731451822434356 0.12651412284273178 0.10043499818288258
21 0.7196967711016071 0.47076455787957067 0.1699792520617914 0.10675368532435232
53 0.8351528033331873 0.4980272104015466 0.11429899362367216 0.09520758508802984
28 0.7024923130726494 0.6097831812213295 0.16242080116961033 0.1568986779253932
4 0.7595846549851439 0.770279969299871 0.1707628458611071 0.12598445455512156
56 0.7531568174317699 0.08082254880605909 0.14667949985363046 0.06513280329207899
45 0.33091655291006183 0.06258011461862162 0.2575951550743119 0.12516022923724324