56 0.4639994960274662 0.3425480769230769 0.09791667345991997 0.05048076923076923
5 0.5724091382169972 0.3701923076923077 0.11549909395373184 0.07211538461538461
8 0.4451998852508891 0.39903846153846156 0.12777015719525872 0.07932692307692307
45 0.22920094570149535 0.4579326923076923 0.18836997598600524 0.09375
56 0.7219207302883669 0.4254807692307692 0.12072650704858472 0.08413461538461539
6 0.5607638266174004 0.46274038461538464 0.18571429735986283 0.08653846153846154
25 0.46721985747217015 0.5600961538461539 0.09361264609682006 0.06490384615384616
56 0.7285560973149126 0.5108173076923077 0.13076161245112963 0.09615384615384616
53 0.6440704380947266 0.5552884615384616 0.08134158285529317 0.057692307692307696
21 0.554246716749382 0.5805288461538461 0.11533120563886766 0.0673076923076923
25 0.28913681936100627 0.6346153846153846 0.09850428256194459 0.0673076923076923
28 0.5986033920264194 0.6526442307692307 0.09942766829369755 0.09375
4 0.6896519117827504 0.7644230769230769 0.1477564238429166 0.10096153846153846