28 0.6822045225106893 0.28035342103992034 0.2963494088565858 0.06312580259132985
6 0.775080032705306 0.3606762363389967 0.20045187035160886 0.10535716905969121
25 0.5855973324113296 0.47088301883569667 0.12707641288230648 0.08120422895211322
25 0.29799955105995984 0.4873359717935861 0.1424795464695417 0.09853481697362895
21 0.6989636846906334 0.5302427720096143 0.1939403723644692 0.11712456735662585
53 0.8137301179187347 0.5655640636450705 0.07164794324896534 0.07686966717732921
28 0.6875993204644821 0.6840049816983361 0.1551751091722813 0.15175520898797254
4 0.7345691546280425 0.8494392078595285 0.16014651811574346 0.11354550299873048
56 0.7429177369381267 0.12711014350163324 0.159330178087355 0.058340985617700965
45 0.285183202502309 0.08703834789364327 0.21051098779252292 0.07212304369300553
8 0.7033598422584402 0.18594713498630577 0.2215264533567053 0.09649728186119545