56 0.5972727893376538 0.1635951647247072 0.12072863153093667 0.054594032944941424
45 0.24627568806478026 0.21251147842655144 0.18448870438485457 0.07841119642279107
8 0.5706549107391313 0.22144009352603689 0.16864183797208993 0.09465051039768954
5 0.7554010443480856 0.22189417826369212 0.16073025903615262 0.08237944715616251
6 0.7134026191279875 0.3451733230363344 0.2264741537592772 0.09906901632990571
56 0.8790579916010525 0.347359700668379 0.06810032379519079 0.09833639424708042
25 0.5591353194219639 0.456135602949923 0.09951404043096063 0.06105007398959117
56 0.8810406918950289 0.4637783508150533 0.09750651002086358 0.10895910875165007
25 0.32890241249136215 0.49847378890977995 0.11265333595922956 0.08070056400752083
53 0.7939884934835981 0.49312434006698924 0.09314255053870059 0.07522131844037183
21 0.6635389104785018 0.4981647681023252 0.14787097969764318 0.06753664944592522
28 0.6981835459917208 0.6193224336051019 0.1253488986619692 0.13392095602186443
4 0.7932043515408533 0.747386395351373 0.15704263148749822 0.10144232807206749