56 0.4753943378098898 0.26513602632237654 0.09647550501358651 0.06313743123904832
5 0.5870543100373102 0.27644429135313664 0.11342829460084267 0.08614561632126644
8 0.4618445325200883 0.32270564427159176 0.12789332702736408 0.09453450023789281
45 0.2511024241919207 0.4095868039531639 0.1881013622160362 0.11867087553152882
56 0.7430176140971069 0.3129685617435293 0.12070975890145519 0.09875351981804123
6 0.5840980497547795 0.37159243867257447 0.1856415753909309 0.10885926667362966
25 0.49697221116809653 0.479618049864641 0.09415556986662907 0.07736428391961056
56 0.7545403714089123 0.3973239789924944 0.1304090545237288 0.11396149371117673
53 0.6749407375596008 0.45067437899547846 0.08209438359395395 0.06917162424549872
21 0.5870115531787163 0.49028848692418703 0.11820801657290539 0.08173037249860335
25 0.32580965337150175 0.577684586467798 0.09897724734213617 0.08016057855848607
28 0.6370937451267639 0.5546773932159943 0.1015349303419451 0.10679911049330844
4 0.7374259510366366 0.6546090519534551 0.14726394793628117 0.12014275571647176