56 0.5042272504081199 0.3047280738421772 0.09498090308611122 0.058892388363574695
8 0.48731740705982934 0.3539603378765924 0.11449142301826935 0.07214398282079702
5 0.6118138557973294 0.3243153585200314 0.10722393441645309 0.06927800028395399
45 0.26949058437441276 0.40764193636595897 0.1165595683304488 0.057874951358719104
56 0.7550675074513359 0.37652475324416995 0.11236732756581183 0.08400916812902892
6 0.6078464205328529 0.41244085678791337 0.17973097001378208 0.09072628719084583
25 0.5151604781371799 0.5158814217281413 0.07088649140737188 0.05494808759973898
56 0.7677871199130879 0.4575623179004439 0.12472225917670972 0.09920247235710059
53 0.6785101163181628 0.50059863807252 0.08072567658386759 0.06517965405911934
4 0.5937610543295411 0.5313076365533675 0.13646173924455132 0.08795346889286457
25 0.35206362052649626 0.5937412281142621 0.09039701133952988 0.06819968205696124
28 0.6450261304632483 0.6134862430644275 0.09397581043920958 0.11883449674872947
4 0.7397562628571588 0.7013054928159677 0.12952995148440202 0.09951056327909832