56 0.4891826923076923 0.2758737618380872 0.10336538461538461 0.06009816372425219
5 0.6129807692307693 0.3006365603830123 0.12259615384615384 0.08698807253878221
8 0.47716346153846156 0.33504774330870685 0.14423076923076922 0.09951085457051298
45 0.2536057692307692 0.4015491832776173 0.19951923076923078 0.11041309241228649
6 0.5973557692307693 0.39475023629481787 0.20432692307692307 0.10331345423130364
56 0.7680288461538461 0.35592200710432625 0.14423076923076922 0.10431854687820528
25 0.5048076923076923 0.5050773936185894 0.10096153846153846 0.06725375204551298
56 0.7776442307692307 0.447044360389369 0.14423076923076922 0.10912623918589759
21 0.6033653846153846 0.5148026686364311 0.12259615384615384 0.08939191869262822
25 0.3233173076923077 0.5838208599787925 0.0985576923076923 0.08402472498215811
28 0.6394230769230769 0.6113191857630336 0.1201923076923077 0.13020135316773518
4 0.7475961538461539 0.7085610448351489 0.16105769230769232 0.11432558247553441
28 0.9567307692307693 0.8419145364771361 0.08173076923076923 0.10767153553867541