56 0.5722772054019228 0.2725233778672766 0.0998445455340812 0.06045365132356896
5 0.6692403187116984 0.33586780346678463 0.1218708119006411 0.07841439654844251
8 0.5290629198339206 0.324006878197693 0.14367327770608979 0.0867597571579313
45 0.3013409618317305 0.3083307701012721 0.17039533609978635 0.10016477055243474
6 0.6252707062499462 0.4198032268741241 0.19661384323098283 0.09193516856232292
56 0.7916945873290593 0.4386918310564044 0.12941805120384614 0.09321541418750293
25 0.49266651186741406 0.4951787652657724 0.08307357259743607 0.06197563580678697
56 0.7645518979442303 0.5217453927931158 0.139257236380342 0.1033347197575322
21 0.5697284592021362 0.5367574844323618 0.14356137742553415 0.08195206485023913
25 0.30013501899861067 0.5148725689740495 0.08066972644358977 0.061849655568125814
28 0.5748698424733969 0.625321851408686 0.11130628477863251 0.1402844953551367
4 0.6295967927309822 0.7497021718346644 0.13422574351153843 0.09346737466482526
28 0.7682895030133005 0.9285044245574026 0.0637868532263889 0.058563947743651514