6 0.7645005754307805 0.27498228404169356 0.2547995120208078 0.12506271859809048
25 0.5896523860185131 0.354677428487968 0.10409591365880083 0.0798607576586963
56 0.884609195845797 0.4170925993269592 0.10124720584939749 0.1277977911767804
25 0.3479678983320601 0.3593030326657826 0.10620591213790356 0.07271916397657727
53 0.7937038135117581 0.4305678086372083 0.1012023213803824 0.06777158211004611
21 0.6595557327864383 0.41642089774114477 0.1570784782683308 0.08380338895977164
28 0.6717626817186135 0.5388072172490401 0.13298695197396965 0.14072630407846481
56 0.703094377478608 0.06738645380430738 0.12744873062286097 0.06373328237596833
4 0.7255206598405747 0.6768313985837268 0.14353694436948372 0.10501833566786992
45 0.3436969352441006 0.048098022362442455 0.19362591670059523 0.09619604472488491
5 0.8616686264986052 0.14941347707021058 0.17679899362367216 0.09638217796435852
8 0.671840287335166 0.12725991148541127 0.1872959212632869 0.11829657246665196