56 0.5216970455573627 0.3466394717366992 0.09336145065831594 0.04539533609978637
8 0.48974563275613264 0.38680547959861156 0.11315202455913027 0.05786216799123946
5 0.6166456547069383 0.4005881447256415 0.10353663994374565 0.057638367430128366
45 0.26806162912941756 0.36720701469983996 0.11717599032875957 0.041147145194871865
56 0.7373351587475914 0.496045628943163 0.11130798307532921 0.06982544862019242
6 0.5863406947913197 0.4829053854902783 0.18079559966884964 0.06664031038055572
25 0.4663393478425064 0.5535091113791137 0.06943495005386342 0.04723968085085472
56 0.7225992183649683 0.5799284686965284 0.12159513329476769 0.0844723261043803
53 0.625773606607068 0.5921135400084941 0.07698237131742894 0.054619069733226465
4 0.5342035308928962 0.5947951269856309 0.13534644461379075 0.07038495002297022
25 0.2873351231178009 0.5734072625370195 0.0868216778008316 0.059650562602030006
28 0.5585712473786896 0.6916203748228102 0.08676901126117474 0.11007538169252157
4 0.6194148527110352 0.8061397729112186 0.12640282560246027 0.08458422638493619