56 0.5245933691330089 0.337187385948987 0.09935491883085613 0.05026347521744635
5 0.6380627534989232 0.3833709149297997 0.11419758866086127 0.07497370235996201
8 0.5043975362163046 0.39158016001537643 0.13355423576370903 0.0830809282935725
45 0.2839001423603747 0.4125857345535519 0.1888846565928634 0.08805987592962598
6 0.6100889316963272 0.4698797292710851 0.19356647102847724 0.08107225933610557
56 0.777366035842099 0.4656417834154806 0.1312762674819414 0.09018050582110194
25 0.5075119605431146 0.5577254469657836 0.09222729895070331 0.05473528472311173
56 0.774653578300234 0.5521242644869377 0.13376403221717334 0.09510015906280327
21 0.5984804807730331 0.5836145778427414 0.11419758866086127 0.07497370235996201
25 0.325161410468527 0.5985512426019495 0.09011716783170698 0.07145024686602579
28 0.6220005344700115 0.6833478599575284 0.10533747127794758 0.11779508939315683
4 0.711458520234988 0.7957754523729477 0.14822906843094302 0.09817577082070354
28 0.8918269230769231 0.953125 0.07211538461538461 0.0889423076923077