56 0.5714310545184069 0.3375609814992405 0.1062629301045911 0.055889823754497754
5 0.6725339056475328 0.40427510552995344 0.12397171485214233 0.07281464300612447
8 0.5328537574374915 0.38542812705894164 0.13396504018351044 0.08008212213892207
45 0.29486787739708015 0.3612000643998309 0.14611025119140242 0.08255589413184229
6 0.6256793488861011 0.4953765189393483 0.1917833281144793 0.08282161232032337
56 0.796231556380159 0.5216168430534909 0.13206511498430892 0.0896835215864919
25 0.48766249782686527 0.5594971956955658 0.09196583342017534 0.05820975890145519
56 0.7651909699767191 0.6092033908229127 0.13484690185413856 0.09690904521584515
53 0.6589178182528438 0.6182034280544463 0.08715814111248331 0.058181788565825614
25 0.2925100285300128 0.5667778586410288 0.08753608182846666 0.06539332702736408
21 0.5585231908652805 0.6067987433139171 0.13067933235903625 0.06324121389418434
28 0.5675291175259276 0.7102480389361905 0.11915380092516596 0.11844576442575717
4 0.620822338484379 0.8404053604392528 0.12940930835314043 0.08486184411098481