56 0.49172185314915756 0.3568139510957523 0.10656645729239458 0.04998284281931257
5 0.6123398370405709 0.4062315408000859 0.12145108641309263 0.0770128458611071
8 0.47028213786483725 0.41367369037628726 0.1432115796697864 0.08510592734687555
45 0.23418072365425383 0.4341227432577482 0.2009878059434798 0.09226440105251453
6 0.5818362912120503 0.5000080731780355 0.20803150724224706 0.08294286411187334
56 0.7599307030501298 0.49523708505247394 0.1409336113880188 0.09221951658349944
25 0.47080389922968346 0.5905033065213512 0.09948079670293453 0.056900533606107744
56 0.75707138799084 0.5901400335169398 0.14101752996940428 0.09702720889119175
21 0.5689000393397546 0.6209615324351513 0.12149304570378537 0.07941669201495326
25 0.2740092925866725 0.6330012139215929 0.09500877872078493 0.07593540438704813
28 0.5899113486561549 0.7264593577641462 0.11267488761156458 0.12469797203837246
4 0.6828072664891294 0.8481168136867285 0.15792837162771342 0.10252054577328533
28 0.8725961538461539 0.9855769230769231 0.07211538461538461 0.02403846153846154