56 0.4380925876456165 0.34591449559069576 0.09369733346034301 0.051012205607731516
5 0.542294365338721 0.37895299436069085 0.10616440796560986 0.06069751606219006
8 0.4126249672348662 0.402537739300321 0.13042679137208943 0.06564506004803036
45 0.19269937742777157 0.42905077418685206 0.1711802150534651 0.06347896174703585
56 0.6806504994613647 0.4526471002288487 0.1189673652729035 0.0775943649781872
6 0.5296823687749216 0.4691461732172734 0.17118021505346503 0.06347896174703571
56 0.6779337898479725 0.5367747230295566 0.12411094038262313 0.08483387377535524
25 0.421894527266181 0.5646994585102327 0.08626187313078663 0.046162557796594846
53 0.5910857787773124 0.569723119563905 0.06954691098787244 0.048468507775737364
21 0.5040434930358102 0.5810438932975454 0.12802294521824328 0.06563107488021558
25 0.24400659795421803 0.6174030680684053 0.08430587071297649 0.05576395724416454
28 0.5331629213622914 0.6782038701789074 0.09890020296441453 0.11112234462170015