56 0.5017426353312492 0.32638250613899533 0.09310923989461382 0.04539533609978637
8 0.48066918291817085 0.370183263240865 0.12234719064042565 0.055682122398504404
5 0.6090790536991112 0.3623822384283114 0.11292770447486976 0.06026601414508548
45 0.24852457285669563 0.40085081146319423 0.12897103375247726 0.041426895896260765
56 0.7613498396597496 0.4382402528080122 0.1159192459782026 0.07474504120844021
6 0.5960231757813943 0.4553219663333329 0.18273719216132278 0.06429241436698738
56 0.7647780625317551 0.5223748681926276 0.12092283673572378 0.07966463379668813
25 0.4976307594021391 0.5502479242182154 0.0786861629715369 0.0450596352581198
53 0.6746072993845746 0.553347127369337 0.07407436911367372 0.04975542728525649
21 0.570676661654211 0.5714059584714205 0.13225642293055356 0.06311746142115396
25 0.31920333313705207 0.6001172616621259 0.08157975524995546 0.057134816167628236
28 0.6213227068134173 0.6628630076590807 0.09555797051747507 0.10549148994594021
4 0.7168806773308923 0.7641022869439097 0.12563257981850165 0.07737268792339745
28 0.9367489131305242 0.9045554167668796 0.09766796899657794 0.09833590162467942