6 0.7715359101599967 0.1643911874213364 0.26051769994215207 0.13595005914423647
25 0.5735874463942398 0.26031006593041206 0.11209170961339236 0.08980372612436746
56 0.8850864258428537 0.32591536461255316 0.0970561614806136 0.12738340291527778
25 0.32571139021306333 0.2672764151278958 0.121819055162786 0.0927114932328582
21 0.6716182951564106 0.3214396157340656 0.19220235922837858 0.11078799707710865
53 0.7953340583426546 0.3390530851008081 0.11438359483322923 0.08752586020918247
28 0.6607812820489697 0.4509272466354629 0.13904115543608817 0.15356352851097896
8 0.6765740453010309 0.029164554848823306 0.18398317236075895 0.05832910969764661
5 0.8670113628550937 0.04519049420819617 0.1796233237891027 0.09038098841639235
4 0.7057365546830308 0.5883346397399614 0.1662078952721067 0.11901759906722048
28 0.6827845632111834 0.09554617820149977 0.31194682318465017 0.1074716243947819