28 0.6466346153846154 0.17918683260970766 0.30528846153846156 0.09703586341474768
6 0.7620192307692307 0.2286622997382343 0.2091346153846154 0.13245612448339167
25 0.5973557692307693 0.39835366035048914 0.13221153846153846 0.09733079487676832
25 0.3112980769230769 0.5046370375174272 0.1466346153846154 0.11533506340877946
21 0.7283653846153846 0.42131328528728584 0.20192307692307693 0.14148283637123227
53 0.8533653846153846 0.4195230862149846 0.07451923076923077 0.08781372074872405
28 0.7584134615384616 0.5775143284096986 0.15865384615384615 0.17160464615981438
4 0.8473557692307693 0.7265040314366558 0.1658653846153846 0.13373178042581996
56 0.6694711538461539 0.023536603951671828 0.1658653846153846 0.047073207903343656
45 0.19471153846153846 0.11391352866400406 0.21875 0.09718332914575803
8 0.6442307692307693 0.07842151839068388 0.23076923076923078 0.12460675805063907