56 0.4755813999534986 0.30340134054140033 0.08944579077510457 0.05052952774227352
5 0.5748235466141284 0.3397291883231954 0.10157690667384582 0.06112603357023151
8 0.4473218009719605 0.3585425347149344 0.12323949334083882 0.06529589790670962
45 0.22613998353573675 0.37899901118013013 0.16407690667384583 0.06622786387561296
56 0.7060141332688842 0.41667723960027314 0.11136011898349588 0.07633400746336715
6 0.5569756717304225 0.4288431426361826 0.16407690667384583 0.06622786387561283
56 0.6978235999241295 0.5014005277124325 0.11625172513832147 0.08393799440993496
25 0.44301590761643705 0.5222002974189875 0.08220628103118849 0.047537008860883335
53 0.6110194112030806 0.531301138904499 0.06537935795426555 0.04616343916328074
21 0.5244669640234302 0.5395671347119503 0.12083564718699268 0.06509967366419508
25 0.264753679919724 0.5691728144419961 0.07991432000685282 0.05695616923375341
28 0.5461426942662979 0.6374626197926764 0.08776919796307626 0.11283330349975884