56 0.56646771177105 0.19533356246345754 0.11837585846839128 0.054594032944941424
45 0.22193451586447704 0.25063724025836154 0.17872375385594363 0.07832725226535898
8 0.5393401076604909 0.25330440750093536 0.16209262975566383 0.09456656624025744
5 0.7209283917641971 0.25122872984859634 0.1571450810360833 0.08237944715616251
6 0.6726268563629392 0.37218797262482445 0.219812908730349 0.09898507217247363
56 0.8349563999534987 0.37184458786687485 0.06359088001272649 0.09593254809323426
25 0.5162221722445484 0.4833601129319934 0.09444928205944023 0.0633699759860051
56 0.8300359804509818 0.484699440861496 0.09254891898839081 0.10655526259780392
25 0.28844334249377945 0.5283120054392767 0.10906815795916035 0.08070056400752083
53 0.743091935318045 0.5165332204247102 0.08978144616363601 0.07522131844037169
21 0.6143742809577654 0.5216575926174781 0.1425541764187409 0.067452705288493
28 0.6430377794031507 0.6416972792007638 0.11689506463300603 0.13383701186443248
4 0.729379599899655 0.7649535486393426 0.1501573128335658 0.10135838391463527