56 0.46426145124370805 0.2960561826740177 0.10409263795720246 0.06550762551503887
5 0.5805542912402817 0.3246888890912485 0.11865557129216733 0.07794652496078669
8 0.4454913661068553 0.35923351990529445 0.14280591796013936 0.0882613573703664
45 0.21051498353573675 0.40409659621958455 0.18610312001174767 0.09192420955376376
56 0.7396688214880442 0.39304213999956894 0.13330241847426494 0.09759696286807304
6 0.5806233773809116 0.42207963071172744 0.1861031200117476 0.09192420955376376
56 0.750625143526926 0.4847380177428203 0.13819402462909025 0.10494839088845048
25 0.4795211404421711 0.5345615377504332 0.09444928205944023 0.06282400024351467
53 0.6623812758287445 0.5254542640632389 0.07759438770013925 0.05993054063373211
21 0.5707833804411921 0.544430977829913 0.14037410052391558 0.08578756643710082
25 0.29477378556042333 0.6025280698171485 0.09456116718895057 0.07243938485889928
28 0.6164835865813326 0.646756439490132 0.11446324719678239 0.13069125078656293