6 0.6609879309750941 0.27715210539046936 0.26440263368450856 0.10041212284881909
25 0.4852807553152131 0.3902244269068919 0.10221111922886578 0.07315324891625402
56 0.8058162761376911 0.40864251038561383 0.09536729986402676 0.12570208767114094
25 0.23023132414948255 0.43189105960729207 0.10651489058191356 0.06370575261573344
53 0.7127693890696117 0.4379045554801176 0.10158121803556022 0.06113401814702312
21 0.5668327758072746 0.442441318570861 0.16192933235903625 0.06804031439051773
28 0.5962765055852562 0.5699024040092654 0.12712122081867142 0.13640874633314282
56 0.5696587699614921 0.06685370946883644 0.12992345092706914 0.052525963420823635
4 0.6696874682547471 0.7085318409755479 0.1440843457535397 0.09381106882336873
45 0.18606655968432298 0.10282740666969697 0.20089479177521932 0.07899880552481567
5 0.7481886189683394 0.12968187797034353 0.18191598302177234 0.08313494457305129
8 0.5456356408519567 0.13464979951527908 0.19013536339260012 0.10261754627611677