12 0.5726800674339461 0.20110487756777606 0.16256868714146988 0.0498318288384988
8 0.27715961161989117 0.24315173454287292 0.1410180159142866 0.05135413196811497
56 0.6178189450007461 0.2832805084541025 0.08838523300196745 0.05641078748153554
29 0.20121333017431497 0.28705354513060544 0.07281747228652567 0.09178283521482672
54 0.29197187491844423 0.3001583976607795 0.1329136261326795 0.0942315658376879
8 0.46035175471798095 0.3245029773043109 0.17534341532758943 0.07195619034768647
1 0.2962033957911436 0.3852010884475746 0.1914987851450558 0.053411065691318364
26 0.737740323476105 0.4236198410662435 0.18571429735986283 0.09398260263195969
53 0.5427769525422703 0.43876526674585226 0.10462454697686592 0.040269508979013525
53 0.26408341980513844 0.480126479146548 0.10015263129890196 0.04968899514456929
34 0.5273388866523874 0.6746360374975187 0.0880494563722391 0.04679540286615072
25 0.5871259687416868 0.715407563031431 0.05621184727021449 0.028695139865339805