12 0.5653384341804919 0.1971153846153846 0.170284527581393 0.04326923076923077
8 0.25143892250537914 0.22716346153846154 0.139034527581393 0.04326923076923077
56 0.6046330517924028 0.2824519230769231 0.0841939097789674 0.052884615384615384
54 0.2766200127264117 0.2800480769230769 0.12411094038262313 0.08413461538461539
29 0.18927149138005864 0.27163461538461536 0.076145978239709 0.08653846153846154
8 0.445557695172349 0.3173076923076923 0.1762118292291754 0.0673076923076923
1 0.2807229783055263 0.37259615384615385 0.1967268352737007 0.04326923076923077
26 0.7212096484718984 0.4375 0.20366178532756424 0.0889423076923077
53 0.5432690526202785 0.4387019230769231 0.1220956435704609 0.040865384615384616
53 0.24018684863747358 0.46875 0.11533194884495852 0.05048076923076923
34 0.5127302290545992 0.6814903846153846 0.08145418082309419 0.04567307692307692
25 0.7107643204845367 0.7391826923076923 0.06395549214211699 0.03125
25 0.5731589517754324 0.7259615384615384 0.05422814659272349 0.028846153846153848