12 0.4761530850384704 0.20930307630193568 0.17155422202762638 0.0534598788699602
8 0.18013216720549605 0.3322944898863082 0.14270806818147255 0.052956367381646205
56 0.5435176329900245 0.28026458042326746 0.08514163836124339 0.0591608828665568
54 0.22177379869869804 0.376052335790684 0.12659445304632758 0.093528036962181
29 0.13552905219508632 0.394389793332549 0.07611368381555834 0.09264689185763167
8 0.4006505407067723 0.3609071378648373 0.1791853533960932 0.07762421828050027
1 0.2581610820397556 0.4631843106910225 0.1980384890106269 0.05632527722142747
26 0.7114180432040116 0.39395592782700056 0.20604725399532897 0.10212423201658292
53 0.5380413218000611 0.4486806687099231 0.12579722652316383 0.04785496003910407
53 0.2515728496464322 0.567898475900755 0.1163496790705505 0.05730250749171754
34 0.5903771128823065 0.6918318675114512 0.08256995504462594 0.04950353896047943
25 0.8043404002199607 0.6892994137167123 0.06308743006969965 0.03474478771185966
25 0.6653578958491585 0.7169734371922811 0.05583393231746843 0.03221506368593525