56 0.6537490590265997 0.18230964298832575 0.1157482297478001 0.0638426215541252
29 0.12001130186586476 0.17409619075307767 0.08481988860754044 0.11876745642167783
54 0.2415174139776139 0.19191441022377773 0.1665366726704949 0.11731463386867033
8 0.4497298096416022 0.23757181737503774 0.22640906383161188 0.07955237746657201
1 0.23745093556410582 0.3193741989423791 0.2647307506150024 0.055961456446152184
26 0.8232489845635326 0.39189011476035474 0.2529772380342528 0.10149467695734114
53 0.5708451384096864 0.39482709941000355 0.14205068576195978 0.04011184412181734
29 0.4605129557695223 0.4381810860916812 0.1301013808318031 0.05199121847916015
53 0.20463619947914743 0.4639965661264348 0.13495102864293976 0.05925869950545371
34 0.5655915234422194 0.7314494747955979 0.10853669128626163 0.06375870770699248
25 0.8268773342563228 0.8089434368114736 0.06751746982491423 0.036840888214265385
25 0.6561483166619867 0.8013140132448993 0.07231117696479189 0.03449298462517447
12 0.5906616819783783 0.08207535786860509 0.19740907313949527 0.05277441438573302
8 0.1989885957474179 0.11307698458846278 0.16859088962897112 0.05724645130489403