12 0.4895380518502523 0.22437222775789906 0.1602625760804949 0.05713456617538362
8 0.22868215867757036 0.34389154054251614 0.13869790547529895 0.059286670787831335
56 0.5634720007305442 0.28771136622922727 0.08821713624452972 0.05869927385790159
29 0.17637921209122934 0.40456026361209685 0.07717713238717216 0.09221326359985965
54 0.2637349004198067 0.3923600615727257 0.13507927441773834 0.1000961128384607
8 0.43126971100513256 0.36907766672377357 0.1729113098645012 0.07890903797188696
1 0.3020308256689233 0.4697027077314667 0.18444092717779542 0.06222197130685199
26 0.729731330368863 0.3857672595847508 0.18556004364850764 0.10068350976839045
53 0.5526032457310708 0.4509910913553113 0.10462439064493569 0.044471995911468006
53 0.3072324629995498 0.5658845251676905 0.10009647745492149 0.054031437962097244
34 0.6275827532119908 0.6741440421338424 0.08793735712685173 0.04908388924251684
25 0.6991257177652278 0.6966038103485972 0.058601589824761484 0.0319213107770626