12 0.523389834562468 0.17724442710021468 0.1526175258963569 0.0469033312551279
8 0.2522894185341294 0.2853543012395304 0.13355464498045186 0.05002854926424473
56 0.5908959495967088 0.24608530711175325 0.0762820580753046 0.05700035713774916
29 0.19035032276328015 0.3414082665843309 0.07745727627935381 0.09065420329159525
54 0.2864621968384103 0.3317939720145304 0.12304640904499865 0.09224623359686582
8 0.45352950453071794 0.3171774765456561 0.16307235208606238 0.07178302994287723
1 0.3037393751141781 0.4122628855213681 0.18627137205020305 0.04984766127763507
26 0.737870171149863 0.34655267374686743 0.1711233321219217 0.09645241934330456
53 0.5614965505990251 0.40538479177792125 0.09475732988918505 0.037048216051709174
53 0.2998856029499231 0.50904765953718 0.0950931065189134 0.04666360066709379
34 0.6054869657840496 0.6293936140065538 0.08075397375326841 0.047805591097008514
25 0.6702801629075897 0.6550704178925225 0.05115232249022593 0.02364726426452972