56 0.6891004819711332 0.21582869666020357 0.12212871247973457 0.07726078764284197
29 0.16311263979956944 0.13378015226741466 0.10089041283886815 0.12477820931698726
54 0.2802829191815171 0.16779968421116478 0.1806373602004305 0.13383610240769242
8 0.4768738342287178 0.24338498246282095 0.234105716505455 0.10387295563408144
1 0.25490364804648313 0.2935819812360045 0.26663949790026314 0.08542548836720111
26 0.8201004862357641 0.4463491666153319 0.2619481051465606 0.12852686871559846
53 0.5704386522025187 0.4140600692639962 0.14490710116427793 0.056185673661004396
29 0.45450585870882926 0.4414505145238786 0.13599175702329214 0.06798110386912407
53 0.1987062554665335 0.4318860553535258 0.14107946552074407 0.07290069645737186
34 0.5090502274168031 0.7448117110399044 0.11718101207716226 0.07474504120844035
25 0.7539517862241365 0.8588315776220092 0.07223168416937452 0.04489178483728624
25 0.5874326566409029 0.8248669908794877 0.07449552222834054 0.042543888823718026
12 0.6436481498855904 0.10765461479807747 0.2013156274617775 0.07670329611816255
8 0.25145935230102295 0.08408368993958354 0.17232946552074407 0.07362804828098304