12 0.5686432758340054 0.24937812884627997 0.15405593136337578 0.0414301183833458
8 0.27681371599454924 0.2800442983336661 0.1348531324682361 0.045566257431581485
56 0.6232332803368764 0.33780533392696344 0.0772307506150025 0.05557082842244217
29 0.20495006439983096 0.32079520437993436 0.07742654296440964 0.08922467457628833
54 0.3011808289766585 0.3373741245233716 0.12550346604133264 0.09090355772493006
8 0.46961088917575944 0.3708944463128484 0.16381116765690826 0.06580435655153576
1 0.3040811485879299 0.42279460714234224 0.19012760883888286 0.04509312689867319
26 0.7502463431470578 0.4816354791152249 0.17358038911825566 0.0925824408735718
53 0.5628302541539466 0.48951091175859907 0.0963356533354385 0.034607766297283474
53 0.2830059399159064 0.5181929558792996 0.09879544016054381 0.04430709507010004
34 0.5629988775228736 0.7250458627568062 0.08198250225143565 0.046123332121921726
25 0.6233397718057863 0.7692117743849161 0.05301048189494832 0.023481386848121025