12 0.5935867155888597 0.24556703793365434 0.1695425706931186 0.03516650981944462
8 0.2807887777706741 0.2899202618649575 0.148299752208161 0.044278343172329176
56 0.6463427592271688 0.33205055427088725 0.08619154910781865 0.05243902414049154
29 0.20837545533710403 0.3398684998240386 0.07083386440461246 0.08810506546623934
54 0.30362122608877046 0.3492900688265494 0.1262202751679885 0.09179576484647438
8 0.48358930757453894 0.37509296966185934 0.18033334600747664 0.06423646422670942
1 0.3145058604846007 0.43960215001661346 0.1864674429949561 0.03796200695523529
26 0.807365738870027 0.48229395370341943 0.16929360748739042 0.0879951750637822
53 0.5978617688202613 0.497831008736806 0.10694462146820417 0.03130796001837615
53 0.30174383024162726 0.5389701144192844 0.09983103223158014 0.03354395575138888
34 0.6128561805190563 0.7479429090173616 0.08579975220816093 0.04282363952510693
25 0.6844777288664265 0.7964404630854172 0.061173595320212826 0.027841061199252202