12 0.5733579157274798 0.18481667522788248 0.1620369192195654 0.040216444223114184
8 0.2776020321981921 0.2353749429663553 0.1382082920193624 0.046448490435508166
56 0.6213741427611104 0.2634844861083541 0.08319960959857899 0.05381104287786046
29 0.2043767798482222 0.2828825227848571 0.06735191343352899 0.08677924445730548
54 0.29483576212484075 0.2900267345428729 0.12030647359756394 0.09133797355926959
8 0.4639093578573959 0.3108145195680923 0.17008779503413807 0.06935644574401145
1 0.3009245710250026 0.3752163491670398 0.17652994092206187 0.043207985726447046
26 0.766195829526281 0.40198522568162814 0.161101913433529 0.090599264228969
53 0.5670612950438575 0.4233361651956811 0.10187082059399212 0.03536386744640679
53 0.2856235712685173 0.4697009683538981 0.09472922691187315 0.03747386592550966
34 0.5703101141962001 0.659060012109976 0.08051598432705472 0.04409770903756156
25 0.6353759604718037 0.703339357649743 0.05846170026592235 0.028793089090254506