12 0.6110081971762212 0.21253598034921709 0.16648448367978175 0.07442439660567036
8 0.3051335976978861 0.2171658586002336 0.13741440796560986 0.06793660715942082
56 0.6357117964640415 0.29979819090296755 0.08693363873484063 0.06499643716694568
54 0.320587342369525 0.2714042594270969 0.1294784373603604 0.10343426708759405
29 0.2385503375339048 0.2570037694696797 0.0835814385692655 0.09596642097718622
8 0.47884601132699206 0.3221198709163063 0.1748156314814104 0.09888288242877125
1 0.31278303811341784 0.36175850233864726 0.19074686708626132 0.0806321698621603
26 0.727634146468026 0.46225708573468793 0.20478139466765446 0.12460144110578988
53 0.5568227753411118 0.4494311260570529 0.12276740917451488 0.062288866282449964
53 0.2593056569342338 0.4547728990529133 0.11589175351500348 0.06908038045934908
34 0.49307794935762234 0.6856843810674847 0.0841939097789674 0.057644890610527494
25 0.6754573935903838 0.7589683690989181 0.06429137494414433 0.04210174892841241
25 0.5447013472709625 0.7354188143173054 0.05696787554859671 0.039277878489926914