56 0.5538049900110434 0.1700383702817703 0.12878850274670947 0.08303399638615705
29 0.030270039960895882 0.3170500237529326 0.060540079921791765 0.13410004750586518
54 0.13550596653547464 0.2973610003652721 0.1874878334156452 0.14240497878453298
8 0.3618031793225558 0.2847050403999367 0.24459271103825322 0.11042980733675509
1 0.17049978022267714 0.42825283675396675 0.28031472902040294 0.09224820979727856
26 0.7902183691330088 0.33565172198785764 0.27390041708202845 0.13771145238209678
53 0.5327821378648372 0.4099333722104491 0.15244933066893568 0.062098828795736694
29 0.4340417120412047 0.48642753172088204 0.14300178321632237 0.07143443429344333
53 0.17977067745152756 0.5860544837279874 0.14553150724224698 0.07871591753440135
34 0.6313702466334166 0.7555240470382747 0.1191311588406321 0.08035037111463285
25 0.9210966471079174 0.7603466237275563 0.07531645729239446 0.04784136508508178
25 0.7448396309993307 0.7997118086760862 0.07767834415554785 0.045507463710655185
12 0.45907775974075354 0.08550980987422066 0.2128811588406321 0.08307821751199376
8 0.08007337724840242 0.23074350711564795 0.16014675449680485 0.08167932192360361