12 0.567887642332096 0.16649398139929297 0.15974512020046328 0.037714648844353604
8 0.2667620247147439 0.23157327528575716 0.14076618344199032 0.044142593506576504
56 0.6237179113550556 0.2518346100042736 0.08117369454042898 0.056116939806792186
29 0.19184977803122663 0.2802338035687248 0.08002901074806414 0.09207668288957006
54 0.2924335677843207 0.28693724381462565 0.13042583582140127 0.0917297704589273
8 0.4671168675194851 0.30262348885740936 0.17028389054760085 0.06454875343631915
1 0.29417729834574186 0.3744817299801814 0.19829060281943384 0.04168568259683088
26 0.7559103530719414 0.38447265803030384 0.18082266089473856 0.09138285802828455
53 0.5616452402704373 0.4139921860205324 0.09956502219687735 0.03286207206764621
53 0.27021895142590197 0.4762758368534926 0.10238858913788394 0.0449792520617914
34 0.5603364467526191 0.6576887229611738 0.08564561021839295 0.046697453641236564
25 0.6213674239975576 0.6972093508057058 0.053640112801504033 0.023789498332733344