12 0.5054296653602117 0.15502448683106154 0.16746032360659427 0.05727151448101499
8 0.21850965614413512 0.2883445451127076 0.14607754069427514 0.06297021326108329
56 0.5715659690026652 0.22028155289716 0.08855312131683163 0.06374366641818839
29 0.1594360993930085 0.3563328472871295 0.07770910875165007 0.09655704608232892
54 0.2515224834502089 0.3366401014702421 0.13076161245112955 0.10506279094472613
8 0.42770151081330876 0.309862167148492 0.18057082842244215 0.08936198097072069
1 0.27974288565443256 0.4202116603033987 0.1844551349983815 0.06325585987429523
26 0.7532280714717245 0.31601572577259324 0.1717109412239462 0.11032422316357149
53 0.5595811021839293 0.3946191757086416 0.104708491134298 0.04568955027300703
53 0.2879922884168404 0.5184331660152087 0.09998474298403778 0.047757209830970954
34 0.6219361401525282 0.6276159226588123 0.08572955437582518 0.05155634235101631
25 0.6999085190435061 0.6522850140477731 0.06359127404661699 0.035620425746469224