12 0.5309266461220294 0.2748128704249097 0.1710926461587411 0.04899052474088418
8 0.2318007999559461 0.34237018257842516 0.14473425231356618 0.054198384938125344
56 0.5973252717524494 0.3580381423703939 0.08952970462223743 0.05722041430158761
29 0.16261987379426815 0.39487114204050794 0.07077444719188754 0.09662857836111954
54 0.25998962866622616 0.4010463980275887 0.13565032206335606 0.09914285158327593
8 0.44149399892279956 0.4135969939465245 0.18098774359790162 0.07375759655727193
1 0.28542497019294 0.4895885378303475 0.19756292513342638 0.05339804915902764
26 0.75452461122266 0.49506021195617783 0.19085486975468496 0.09612082221981365
53 0.5544879117294436 0.5244127025353609 0.10853670359398584 0.03944686562667093
53 0.2722029742814721 0.5920431595983243 0.10146502154433534 0.05091963868745694
34 0.5900823937472772 0.773721374416297 0.08941781949272709 0.04760502968620273
25 0.6618201660505643 0.8116378745776672 0.06037586666992977 0.02859227577550117